open_time,open,high,low,close,volume,close_time,quote_volume,count,taker_buy_base_volume,taker_buy_quote_volume
1725148800000,58975.27000000,58975.27000000,58923.48000000,58923.48000000,0.00016000,1725148859999,9.43500740,2,0.00014000,8.25653780
1725148860000,58923.48000000,58923.48000000,58923.48000000,58923.48000000,0E-8,1725148919999,0E-8,0,0E-8,0E-8
1725148920000,58923.48000000,58923.48000000,58923.48000000,58923.48000000,0E-8,1725148979999,0E-8,0,0E-8,0E-8
1725148980000,58923.48000000,58923.48000000,58923.48000000,58923.48000000,0E-8,1725149039999,0E-8,0,0E-8,0E-8
1725149040000,58923.48000000,58923.48000000,58923.48000000,58923.48000000,0E-8,1725149099999,0E-8,0,0E-8,0E-8
1725149100000,58923.48000000,58923.48000000,58923.48000000,58923.48000000,0E-8,1725149159999,0E-8,0,0E-8,0E-8
1725149160000,58972.37000000,58986.59000000,58972.37000000,58986.59000000,0.01511000,1725149219999,891.11225020,10,0.01511000,891.11225020
1725149220000,59000.00000000,59009.80000000,59000.00000000,59009.80000000,0.00268000,1725149279999,158.14528400,4,0.00268000,158.14528400
1725149280000,59009.80000000,59022.10000000,59009.80000000,59022.10000000,0.00041000,1725149339999,24.19475600,3,0.00041000,24.19475600
1725149340000,59022.10000000,59022.10000000,59022.10000000,59022.10000000,0E-8,1725149399999,0E-8,0,0E-8,0E-8
1725149400000,59022.10000000,59022.10000000,59022.10000000,59022.10000000,0E-8,1725149459999,0E-8,0,0E-8,0E-8
1725149460000,59022.09000000,59022.09000000,59022.09000000,59022.09000000,0.00682000,1725149519999,402.53065380,1,0.00682000,402.53065380
1725149520000,58977.65000000,58977.65000000,58977.65000000,58977.65000000,0.00002000,1725149579999,1.17955300,1,0E-8,0E-8
1725149580000,58977.65000000,58977.65000000,58977.65000000,58977.65000000,0E-8,1725149639999,0E-8,0,0E-8,0E-8
1725149640000,59032.07000000,59032.07000000,59032.06000000,59032.06000000,0.00033000,1725149699999,19.48058190,4,0.00033000,19.48058190
1725149700000,59032.06000000,59032.06000000,59032.06000000,59032.06000000,0E-8,1725149759999,0E-8,0,0E-8,0E-8
1725149760000,59032.06000000,59032.06000000,59032.06000000,59032.06000000,0.00002000,1725149819999,1.18064120,1,0.00002000,1.18064120
1725149820000,59000.62000000,59001.88000000,59000.62000000,59001.88000000,0.00004000,1725149879999,2.36005000,2,0.00002000,1.18003760
1725149880000,59001.88000000,59001.88000000,59001.88000000,59001.88000000,0E-8,1725149939999,0E-8,0,0E-8,0E-8
1725149940000,59001.88000000,59001.88000000,59001.88000000,59001.88000000,0E-8,1725149999999,0E-8,0,0E-8,0E-8
1725150000000,59001.34000000,59001.34000000,58985.79000000,58985.79000000,0.00005000,1725150059999,2.94960050,2,0E-8,0E-8
1725150060000,58985.79000000,58985.79000000,58985.79000000,58985.79000000,0E-8,1725150119999,0E-8,0,0E-8,0E-8
1725150120000,58956.12000000,58956.59000000,58956.12000000,58956.59000000,0.00020000,1725150179999,11.79128870,4,0E-8,0E-8
1725150180000,58956.59000000,59004.70000000,58956.12000000,58956.14000000,0.05599000,1725150239999,3300.97607690,13,0.00190000,112.02712880
1725150240000,58956.14000000,58956.15000000,58956.13000000,58956.15000000,0.00030000,1725150299999,17.68684200,6,0E-8,0E-8
1725150300000,58956.15000000,58990.82000000,58956.09000000,58970.51000000,0.00092000,1725150359999,54.25340460,10,0.00042000,24.77533200
1725150360000,58898.89000000,58898.89000000,58898.89000000,58898.89000000,0.00032000,1725150419999,18.84764480,1,0E-8,0E-8
1725150420000,58898.89000000,58898.89000000,58898.89000000,58898.89000000,0E-8,1725150479999,0E-8,0,0E-8,0E-8
1725150480000,58898.89000000,58898.89000000,58898.89000000,58898.89000000,0E-8,1725150539999,0E-8,0,0E-8,0E-8
1725150540000,58898.89000000,58898.89000000,58898.89000000,58898.89000000,0E-8,1725150599999,0E-8,0,0E-8,0E-8
1725150600000,58911.97000000,58911.97000000,58911.96000000,58911.96000000,0.00038000,1725150659999,22.38654540,2,0E-8,0E-8
1725150660000,58911.96000000,58960.56000000,58911.96000000,58960.55000000,0.00057000,1725150719999,33.60649050,7,0.00055000,32.42825130
1725150720000,58960.55000000,58960.55000000,58960.55000000,58960.55000000,0E-8,1725150779999,0E-8,0,0E-8,0E-8
1725150780000,58962.12000000,58962.12000000,58911.96000000,58911.96000000,0.00026000,1725150839999,15.31911600,7,0.00004000,2.35848480
1725150840000,58911.96000000,58962.13000000,58907.61000000,58962.13000000,0.00067000,1725150899999,39.48071400,12,0.00024000,14.14981920
1725150900000,58909.49000000,58909.49000000,58909.49000000,58909.49000000,0.00018000,1725150959999,10.60370820,1,0E-8,0E-8
1725150960000,58909.49000000,58994.80000000,58909.49000000,58925.53000000,0.00132000,1725151019999,77.76288700,5,0.00002000,1.17989600
1725151020000,59003.01000000,59003.01000000,59003.01000000,59003.01000000,0.00003000,1725151079999,1.77009030,1,0.00003000,1.77009030
1725151080000,58941.24000000,58941.24000000,58941.24000000,58941.24000000,0.00409000,1725151139999,241.06967160,1,0E-8,0E-8
1725151140000,58999.91000000,59000.63000000,58999.91000000,59000.63000000,0.00173000,1725151199999,102.06985890,3,0.00173000,102.06985890
1725151200000,59000.52000000,59000.52000000,59000.52000000,59000.52000000,0.00002000,1725151259999,1.18001040,1,0.00002000,1.18001040
1725151260000,58944.74000000,59001.45000000,58944.74000000,59001.45000000,0.01293000,1725151319999,762.80834300,4,0.01154000,680.87514550
1725151320000,59001.45000000,59001.45000000,59001.45000000,59001.45000000,0E-8,1725151379999,0E-8,0,0E-8,0E-8
1725151380000,59001.45000000,59001.45000000,59001.45000000,59001.45000000,0E-8,1725151439999,0E-8,0,0E-8,0E-8
1725151440000,58950.98000000,58950.98000000,58950.98000000,58950.98000000,0.01166000,1725151499999,687.36842680,2,0E-8,0E-8
1725151500000,58873.28000000,58939.86000000,58873.28000000,58939.86000000,0.00141000,1725151559999,83.09454980,5,0.00125000,73.67482500
1725151560000,58939.85000000,58939.88000000,58939.85000000,58939.88000000,0.00005000,1725151619999,2.94699340,2,0.00005000,2.94699340
1725151620000,58939.88000000,58939.88000000,58939.88000000,58939.88000000,0E-8,1725151679999,0E-8,0,0E-8,0E-8
1725151680000,58939.90000000,58939.90000000,58939.90000000,58939.90000000,0.00044000,1725151739999,25.93355600,2,0.00044000,25.93355600
1725151740000,58939.90000000,58939.90000000,58939.90000000,58939.90000000,0E-8,1725151799999,0E-8,0,0E-8,0E-8
1725151800000,58939.87000000,58939.90000000,58939.87000000,58939.90000000,0.00004000,1725151859999,2.35759540,2,0.00004000,2.35759540
1725151860000,58939.89000000,58939.90000000,58939.89000000,58939.90000000,0.00140000,1725151919999,82.51585970,2,0.00140000,82.51585970
1725151920000,58949.39000000,58949.39000000,58949.39000000,58949.39000000,0.00002000,1725151979999,1.17898780,1,0.00002000,1.17898780
1725151980000,58949.39000000,58949.39000000,58949.39000000,58949.39000000,0E-8,1725152039999,0E-8,0,0E-8,0E-8
1725152040000,58893.46000000,58893.46000000,58893.46000000,58893.46000000,0.00015000,1725152099999,8.83401900,2,0E-8,0E-8
1725152100000,58949.39000000,58949.39000000,58902.75000000,58902.75000000,0.00004000,1725152159999,2.35704280,2,0.00002000,1.17898780
1725152160000,58903.45000000,58903.45000000,58902.75000000,58902.75000000,0.00003000,1725152219999,1.76709650,2,0E-8,0E-8
1725152220000,58902.78000000,58902.78000000,58902.78000000,58902.78000000,0.00043000,1725152279999,25.32819540,1,0E-8,0E-8
1725152280000,58958.54000000,58958.54000000,58958.54000000,58958.54000000,0.00025000,1725152339999,14.73963500,5,0.00025000,14.73963500
1725152340000,58958.51000000,58958.51000000,58958.51000000,58958.51000000,0.00025000,1725152399999,14.73962750,1,0.00025000,14.73962750
1725152400000,58958.51000000,58958.51000000,58958.51000000,58958.51000000,0E-8,1725152459999,0E-8,0,0E-8,0E-8
1725152460000,58930.69000000,58930.77000000,58930.69000000,58930.77000000,0.00169000,1725152519999,99.59295730,2,0.00169000,99.59295730
1725152520000,58930.77000000,58930.77000000,58930.77000000,58930.77000000,0E-8,1725152579999,0E-8,0,0E-8,0E-8
1725152580000,58930.77000000,58930.77000000,58930.77000000,58930.77000000,0E-8,1725152639999,0E-8,0,0E-8,0E-8
1725152640000,58874.32000000,58874.32000000,58874.32000000,58874.32000000,0.00014000,1725152699999,8.24240480,1,0E-8,0E-8
1725152700000,58923.98000000,58924.69000000,58923.98000000,58924.69000000,0.00003000,1725152759999,1.76772650,2,0.00003000,1.76772650
1725152760000,58925.39000000,58925.39000000,58925.39000000,58925.39000000,0.00003000,1725152819999,1.76776170,1,0.00003000,1.76776170
1725152820000,58925.39000000,58925.39000000,58925.39000000,58925.39000000,0E-8,1725152879999,0E-8,0,0E-8,0E-8
1725152880000,58875.02000000,58875.02000000,58874.31000000,58874.31000000,0.01383000,1725152939999,814.23172150,5,0E-8,0E-8
1725152940000,58874.32000000,58874.32000000,58874.32000000,58874.32000000,0.00021000,1725152999999,12.36360720,1,0E-8,0E-8
1725153000000,58874.32000000,58874.32000000,58872.08000000,58872.08000000,0.02853000,1725153059999,1679.68383990,8,0E-8,0E-8
1725153060000,58872.08000000,58872.08000000,58870.31000000,58870.31000000,0.00070000,1725153119999,41.20927010,2,0E-8,0E-8
1725153120000,58852.09000000,58852.09000000,58852.09000000,58852.09000000,0.00037000,1725153179999,21.77527330,1,0E-8,0E-8
1725153180000,58852.09000000,58852.09000000,58852.09000000,58852.09000000,0.00058000,1725153239999,34.13421220,2,0E-8,0E-8
1725153240000,58852.09000000,58852.09000000,58852.09000000,58852.09000000,0.00171000,1725153299999,100.63707390,1,0E-8,0E-8
1725153300000,58852.58000000,58852.58000000,58852.58000000,58852.58000000,0.00013000,1725153359999,7.65083540,1,0E-8,0E-8
1725153360000,58852.58000000,58852.58000000,58852.58000000,58852.58000000,0E-8,1725153419999,0E-8,0,0E-8,0E-8
1725153420000,58852.58000000,58852.58000000,58852.58000000,58852.58000000,0E-8,1725153479999,0E-8,0,0E-8,0E-8
1725153480000,58841.63000000,58885.65000000,58841.63000000,58885.65000000,0.00149000,1725153539999,87.67506310,3,0.00002000,1.17771300
1725153540000,58890.09000000,58896.28000000,58890.09000000,58896.28000000,0.00233000,1725153599999,137.22820860,2,0.00233000,137.22820860
1725153600000,58920.49000000,58920.49000000,58920.49000000,58920.49000000,0.00233000,1725153659999,137.28474170,1,0.00233000,137.28474170
1725153660000,58920.51000000,58920.99000000,58920.51000000,58920.99000000,0.00008000,1725153719999,4.71366000,3,0.00008000,4.71366000
1725153720000,58887.25000000,58887.25000000,58886.69000000,58886.69000000,0.00042000,1725153779999,24.73242100,2,0E-8,0E-8
1725153780000,58941.39000000,58942.09000000,58941.39000000,58942.09000000,0.00003000,1725153839999,1.76824870,2,0.00003000,1.76824870
1725153840000,58942.09000000,58942.09000000,58942.09000000,58942.09000000,0E-8,1725153899999,0E-8,0,0E-8,0E-8
1725153900000,58942.09000000,58942.09000000,58942.09000000,58942.09000000,0E-8,1725153959999,0E-8,0,0E-8,0E-8
1725153960000,58942.09000000,58942.09000000,58942.09000000,58942.09000000,0E-8,1725154019999,0E-8,0,0E-8,0E-8
1725154020000,58887.96000000,58887.96000000,58887.26000000,58887.26000000,0.00071000,1725154079999,41.80996860,2,0E-8,0E-8
1725154080000,58887.25000000,58937.53000000,58886.53000000,58937.53000000,0.00593000,1725154139999,349.46335730,3,0.00522000,307.65390660
1725154140000,58871.07000000,58871.07000000,58871.07000000,58871.07000000,0.00023000,1725154199999,13.54034610,1,0E-8,0E-8
1725154200000,58871.07000000,58871.07000000,58871.07000000,58871.07000000,0E-8,1725154259999,0E-8,0,0E-8,0E-8
1725154260000,58871.07000000,58871.07000000,58871.07000000,58871.07000000,0E-8,1725154319999,0E-8,0,0E-8,0E-8
1725154320000,58871.09000000,58871.09000000,58871.09000000,58871.09000000,0.00002000,1725154379999,1.17742180,1,0E-8,0E-8
1725154380000,58871.09000000,58871.09000000,58871.09000000,58871.09000000,0E-8,1725154439999,0E-8,0,0E-8,0E-8
1725154440000,58871.09000000,58871.09000000,58871.09000000,58871.09000000,0E-8,1725154499999,0E-8,0,0E-8,0E-8
1725154500000,58871.09000000,58871.09000000,58871.09000000,58871.09000000,0.00161000,1725154559999,94.78245490,1,0E-8,0E-8
1725154560000,58871.12000000,58871.12000000,58871.12000000,58871.12000000,0.00025000,1725154619999,14.71778000,1,0E-8,0E-8
1725154620000,58871.09000000,58871.09000000,58871.09000000,58871.09000000,0.00083000,1725154679999,48.86300470,1,0E-8,0E-8
1725154680000,58871.09000000,58871.09000000,58871.09000000,58871.09000000,0.00014000,1725154739999,8.24195260,1,0E-8,0E-8
1725154740000,58871.09000000,58880.55000000,58809.41000000,58822.53000000,0.04506000,1725154799999,2651.02981900,23,0.00002000,1.17761100
1725154800000,58822.55000000,58826.01000000,58822.55000000,58826.01000000,0.00662000,1725154859999,389.41360200,6,0E-8,0E-8
1725154860000,58826.01000000,58826.01000000,58826.01000000,58826.01000000,0.00503000,1725154919999,295.89483030,2,0E-8,0E-8
1725154920000,58826.01000000,58826.01000000,58826.01000000,58826.01000000,0E-8,1725154979999,0E-8,0,0E-8,0E-8
1725154980000,58826.01000000,58826.01000000,58826.01000000,58826.01000000,0E-8,1725155039999,0E-8,0,0E-8,0E-8
1725155040000,58826.01000000,58826.01000000,58826.01000000,58826.01000000,0E-8,1725155099999,0E-8,0,0E-8,0E-8
1725155100000,58871.57000000,58871.57000000,58822.54000000,58871.53000000,0.00301000,1725155159999,177.17294170,6,0.00239000,140.70296010
1725155160000,58871.53000000,58871.53000000,58871.53000000,58871.53000000,0E-8,1725155219999,0E-8,0,0E-8,0E-8
1725155220000,58822.79000000,58822.79000000,58822.79000000,58822.79000000,0.00823000,1725155279999,484.11156170,1,0E-8,0E-8
1725155280000,58822.79000000,58871.47000000,58822.79000000,58830.92000000,0.00260000,1725155339999,153.00075940,5,0.00120000,70.64576400
1725155340000,58831.65000000,58831.65000000,58830.93000000,58830.93000000,0.06818000,1725155399999,4011.10599920,5,0E-8,0E-8
1725155400000,58871.47000000,58871.47000000,58830.94000000,58830.94000000,0.02670000,1725155459999,1570.79663580,4,0.00026000,15.30658220
1725155460000,58830.94000000,58830.94000000,58830.94000000,58830.94000000,0E-8,1725155519999,0E-8,0,0E-8,0E-8
1725155520000,58830.94000000,58830.94000000,58830.94000000,58830.94000000,0E-8,1725155579999,0E-8,0,0E-8,0E-8
1725155580000,58830.94000000,58830.94000000,58830.94000000,58830.94000000,0E-8,1725155639999,0E-8,0,0E-8,0E-8
1725155640000,58869.77000000,58869.77000000,58869.77000000,58869.77000000,0.00010000,1725155699999,5.88697700,1,0.00010000,5.88697700
1725155700000,58869.77000000,58869.77000000,58869.77000000,58869.77000000,0E-8,1725155759999,0E-8,0,0E-8,0E-8
1725155760000,58820.41000000,58862.06000000,58820.41000000,58862.06000000,0.02190000,1725155819999,1288.23125900,4,0.00156000,91.82411960
1725155820000,58818.51000000,58818.51000000,58805.92000000,58805.92000000,0.00343000,1725155879999,201.70664990,3,0E-8,0E-8
1725155880000,58805.92000000,58857.02000000,58805.92000000,58857.02000000,0.00945000,1725155939999,555.71849900,3,0.00005000,2.94285100
1725155940000,58857.04000000,58857.04000000,58857.04000000,58857.04000000,0.00006000,1725155999999,3.53142240,1,0.00006000,3.53142240
1725156000000,58805.92000000,58844.52000000,58805.92000000,58844.52000000,0.00119000,1725156059999,70.01185480,2,0.00085000,50.01784200
1725156060000,58844.52000000,58844.52000000,58844.52000000,58844.52000000,0E-8,1725156119999,0E-8,0,0E-8,0E-8
1725156120000,58844.52000000,58844.52000000,58844.52000000,58844.52000000,0E-8,1725156179999,0E-8,0,0E-8,0E-8
1725156180000,58835.91000000,58835.91000000,58800.00000000,58835.15000000,0.00192000,1725156239999,112.91309850,5,0.00041000,24.12202010
1725156240000,58835.15000000,58835.15000000,58835.15000000,58835.15000000,0E-8,1725156299999,0E-8,0,0E-8,0E-8
1725156300000,58802.15000000,58835.80000000,58800.00000000,58800.00000000,0.00436000,1725156359999,256.36983300,4,0.00005000,2.94179000
1725156360000,58800.00000000,58800.00000000,58725.46000000,58742.00000000,2.30902000,1725156419999,135769.81299120,16,0.00695000,408.25690000
1725156420000,58725.46000000,58728.14000000,58572.30000000,58605.39000000,0.02820000,1725156479999,1653.77145550,23,0.01736000,1017.98952450
1725156480000,58605.39000000,58605.39000000,58605.39000000,58605.39000000,0.00097000,1725156539999,56.84722830,1,0.00097000,56.84722830
1725156540000,58597.25000000,58597.25000000,58595.83000000,58595.83000000,0.00030000,1725156599999,17.57877740,2,0E-8,0E-8
1725156600000,58637.88000000,58641.00000000,58637.88000000,58641.00000000,0.00016000,1725156659999,9.38237280,4,0.00016000,9.38237280
1725156660000,58641.00000000,58641.00000000,58624.51000000,58624.51000000,0.00015000,1725156719999,8.79509890,4,0.00015000,8.79509890
1725156720000,58624.51000000,58624.51000000,58624.51000000,58624.51000000,0E-8,1725156779999,0E-8,0,0E-8,0E-8
1725156780000,58693.30000000,58693.30000000,58636.86000000,58636.86000000,0.00018000,1725156839999,10.55632800,2,0.00003000,1.76079900
1725156840000,58636.86000000,58636.86000000,58636.86000000,58636.86000000,0E-8,1725156899999,0E-8,0,0E-8,0E-8
1725156900000,58635.39000000,58635.40000000,58635.39000000,58635.40000000,0.01573000,1725156959999,922.33474120,2,0.01573000,922.33474120
1725156960000,58672.05000000,58672.05000000,58672.05000000,58672.05000000,0.00012000,1725157019999,7.04064600,1,0.00012000,7.04064600
1725157020000,58671.56000000,58671.56000000,58627.03000000,58633.28000000,0.00578000,1725157079999,338.86524900,3,0.00578000,338.86524900
1725157080000,58633.28000000,58633.28000000,58633.28000000,58633.28000000,0E-8,1725157139999,0E-8,0,0E-8,0E-8
1725157140000,58678.78000000,58678.78000000,58598.01000000,58598.01000000,0.00031000,1725157199999,18.18625600,3,0.00025000,14.66969500
1725157200000,58650.27000000,58650.27000000,58598.11000000,58598.11000000,0.00019000,1725157259999,11.13468410,2,0.00019000,11.13468410
1725157260000,58569.45000000,58588.62000000,58508.48000000,58569.71000000,0.03621000,1725157319999,2120.52216250,26,0.00669000,391.80931740
1725157320000,58515.23000000,58563.23000000,58514.48000000,58563.23000000,0.00566000,1725157379999,331.19294680,3,0.00002000,1.17126460
1725157380000,58562.84000000,58562.84000000,58562.84000000,58562.84000000,0.00002000,1725157439999,1.17125680,1,0.00002000,1.17125680
1725157440000,58516.26000000,58560.34000000,58477.07000000,58477.07000000,0.60025000,1725157499999,35115.29780000,22,0.01183000,692.71040810
1725157500000,58509.95000000,58509.95000000,58375.21000000,58393.61000000,0.03370000,1725157559999,1969.30474200,31,0.02361000,1379.89051300
1725157560000,58393.63000000,58433.04000000,58393.63000000,58433.04000000,0.00008000,1725157619999,4.67385470,3,0.00008000,4.67385470
1725157620000,58433.01000000,58433.01000000,58380.16000000,58381.13000000,0.00075000,1725157679999,43.78735840,5,0.00006000,3.50494300
1725157680000,58447.52000000,58447.52000000,58447.52000000,58447.52000000,0.00003000,1725157739999,1.75342560,1,0.00003000,1.75342560
1725157740000,58389.69000000,58390.69000000,58296.68000000,58346.09000000,0.03585000,1725157799999,2090.99522850,21,0.00865000,504.85722520
1725157800000,58297.39000000,58346.05000000,58295.07000000,58345.89000000,0.02714000,1725157859999,1582.13542160,5,0.00014000,8.16844380
1725157860000,58340.85000000,58389.19000000,58340.85000000,58389.19000000,0.01707000,1725157919999,995.88129930,6,0.01707000,995.88129930
1725157920000,58326.91000000,58349.39000000,58326.91000000,58349.21000000,0.00024000,1725157979999,14.00340040,3,0.00022000,12.83686220
1725157980000,58388.96000000,58388.96000000,58388.96000000,58388.96000000,0.00002000,1725158039999,1.16777920,1,0.00002000,1.16777920
1725158040000,58453.77000000,58453.77000000,58453.77000000,58453.77000000,0.00029000,1725158099999,16.95159330,1,0.00029000,16.95159330
1725158100000,58455.64000000,58509.29000000,58451.01000000,58451.01000000,0.02342000,1725158159999,1369.40068920,3,0.01750000,1023.37071000
1725158160000,58451.01000000,58451.01000000,58451.01000000,58451.01000000,0E-8,1725158219999,0E-8,0,0E-8,0E-8
1725158220000,58451.01000000,58451.01000000,58451.01000000,58451.01000000,0E-8,1725158279999,0E-8,0,0E-8,0E-8
1725158280000,58451.01000000,58451.01000000,58451.01000000,58451.01000000,0E-8,1725158339999,0E-8,0,0E-8,0E-8
1725158340000,58451.01000000,58451.01000000,58451.01000000,58451.01000000,0E-8,1725158399999,0E-8,0,0E-8,0E-8
1725158400000,58451.01000000,58451.01000000,58451.01000000,58451.01000000,0E-8,1725158459999,0E-8,0,0E-8,0E-8
1725158460000,58451.01000000,58451.01000000,58451.01000000,58451.01000000,0E-8,1725158519999,0E-8,0,0E-8,0E-8
1725158520000,58535.47000000,58535.47000000,58535.47000000,58535.47000000,0.00304000,1725158579999,177.94782880,1,0.00304000,177.94782880
1725158580000,58535.61000000,58535.61000000,58535.61000000,58535.61000000,0.00231000,1725158639999,135.21725910,1,0.00231000,135.21725910
1725158640000,58515.22000000,58515.22000000,58515.22000000,58515.22000000,0.00002000,1725158699999,1.17030440,1,0E-8,0E-8
1725158700000,58430.85000000,58430.85000000,58430.85000000,58430.85000000,0.00003000,1725158759999,1.75292550,1,0E-8,0E-8
1725158760000,58451.75000000,58451.75000000,58451.75000000,58451.75000000,0.00002000,1725158819999,1.16903500,1,0E-8,0E-8
1725158820000,58451.75000000,58451.75000000,58451.75000000,58451.75000000,0E-8,1725158879999,0E-8,0,0E-8,0E-8
1725158880000,58451.75000000,58451.75000000,58451.75000000,58451.75000000,0E-8,1725158939999,0E-8,0,0E-8,0E-8
1725158940000,58451.75000000,58451.75000000,58451.75000000,58451.75000000,0E-8,1725158999999,0E-8,0,0E-8,0E-8
1725159000000,58469.37000000,58469.37000000,58469.37000000,58469.37000000,0.00005000,1725159059999,2.92346850,1,0.00005000,2.92346850
1725159060000,58469.37000000,58469.37000000,58469.37000000,58469.37000000,0E-8,1725159119999,0E-8,0,0E-8,0E-8
1725159120000,58492.78000000,58492.78000000,58492.78000000,58492.78000000,0.00002000,1725159179999,1.16985560,1,0.00002000,1.16985560
1725159180000,58492.67000000,58492.67000000,58492.64000000,58492.64000000,0.00040000,1725159239999,23.39706200,2,0.00040000,23.39706200
1725159240000,58493.22000000,58493.22000000,58493.22000000,58493.22000000,0.00002000,1725159299999,1.16986440,1,0.00002000,1.16986440
1725159300000,58493.22000000,58493.22000000,58493.22000000,58493.22000000,0E-8,1725159359999,0E-8,0,0E-8,0E-8
1725159360000,58493.22000000,58493.22000000,58493.22000000,58493.22000000,0E-8,1725159419999,0E-8,0,0E-8,0E-8
1725159420000,58489.15000000,58489.15000000,58486.98000000,58486.98000000,0.00020000,1725159479999,11.69743940,2,0E-8,0E-8
1725159480000,58487.00000000,58489.71000000,58487.00000000,58489.71000000,0.00077000,1725159539999,45.03536940,2,0E-8,0E-8
1725159540000,58489.71000000,58489.71000000,58489.71000000,58489.71000000,0E-8,1725159599999,0E-8,0,0E-8,0E-8
1725159600000,58540.29000000,58540.29000000,58540.29000000,58540.29000000,0.00003000,1725159659999,1.75620870,1,0.00003000,1.75620870
1725159660000,58540.29000000,58540.29000000,58540.29000000,58540.29000000,0E-8,1725159719999,0E-8,0,0E-8,0E-8
1725159720000,58540.29000000,58540.29000000,58540.29000000,58540.29000000,0E-8,1725159779999,0E-8,0,0E-8,0E-8
1725159780000,58542.27000000,58542.27000000,58542.15000000,58542.15000000,0.00016000,1725159839999,9.36675520,5,0.00016000,9.36675520
1725159840000,58542.15000000,58542.15000000,58542.15000000,58542.15000000,0E-8,1725159899999,0E-8,0,0E-8,0E-8
1725159900000,58482.55000000,58538.19000000,58482.55000000,58538.19000000,0.00838000,1725159959999,490.13114880,4,0.00087000,50.92719830
1725159960000,58538.19000000,58538.19000000,58538.19000000,58538.19000000,0E-8,1725160019999,0E-8,0,0E-8,0E-8
1725160020000,58538.19000000,58538.19000000,58538.19000000,58538.19000000,0E-8,1725160079999,0E-8,0,0E-8,0E-8
1725160080000,58543.07000000,58543.07000000,58492.87000000,58492.87000000,0.00014000,1725160139999,8.19483780,3,0.00012000,7.02498040
1725160140000,58492.87000000,58492.87000000,58492.87000000,58492.87000000,0E-8,1725160199999,0E-8,0,0E-8,0E-8
1725160200000,58468.89000000,58468.89000000,58468.89000000,58468.89000000,0.00007000,1725160259999,4.09282230,1,0.00007000,4.09282230
1725160260000,58468.86000000,58468.86000000,58468.86000000,58468.86000000,0.00007000,1725160319999,4.09282020,2,0.00007000,4.09282020
1725160320000,58477.58000000,58477.58000000,58477.58000000,58477.58000000,0.00002000,1725160379999,1.16955160,1,0.00002000,1.16955160
1725160380000,58534.10000000,58534.10000000,58534.10000000,58534.10000000,0.00687000,1725160439999,402.12926700,2,0.00687000,402.12926700
1725160440000,58591.14000000,58591.14000000,58591.14000000,58591.14000000,0.00102000,1725160499999,59.76296280,1,0E-8,0E-8
1725160500000,58623.63000000,58634.00000000,58614.20000000,58614.29000000,0.00230000,1725160559999,134.82053620,4,0.00069000,40.45154910
1725160560000,58624.98000000,58624.98000000,58622.67000000,58622.67000000,0.00016000,1725160619999,9.37967340,2,0E-8,0E-8
1725160620000,58622.68000000,58672.87000000,58622.68000000,58672.87000000,0.00024000,1725160679999,14.08048500,2,0.00022000,12.90803140
1725160680000,58621.97000000,58621.97000000,58621.97000000,58621.97000000,0.00003000,1725160739999,1.75865910,1,0E-8,0E-8
1725160740000,58621.97000000,58621.97000000,58621.97000000,58621.97000000,0E-8,1725160799999,0E-8,0,0E-8,0E-8
1725160800000,58561.78000000,58561.78000000,58561.78000000,58561.78000000,0.00004000,1725160859999,2.34247120,1,0E-8,0E-8
1725160860000,58540.81000000,58544.39000000,58540.81000000,58544.39000000,0.00004000,1725160919999,2.34170400,2,0E-8,0E-8
1725160920000,58544.39000000,58544.39000000,58544.39000000,58544.39000000,0E-8,1725160979999,0E-8,0,0E-8,0E-8
1725160980000,58544.39000000,58544.39000000,58544.39000000,58544.39000000,0E-8,1725161039999,0E-8,0,0E-8,0E-8
1725161040000,58598.49000000,58630.31000000,58598.49000000,58630.31000000,0.00115000,1725161099999,67.42422010,3,0.00115000,67.42422010
1725161100000,58586.87000000,58586.87000000,58586.87000000,58586.87000000,0.00002000,1725161159999,1.17173740,1,0E-8,0E-8
1725161160000,58598.01000000,58650.60000000,58586.00000000,58650.60000000,1.03668000,1725161219999,60736.28587250,5,0.62098000,36380.73686400
1725161220000,58598.36000000,58598.36000000,58598.36000000,58598.36000000,0.00027000,1725161279999,15.82155720,1,0E-8,0E-8
1725161280000,58599.10000000,58599.10000000,58599.10000000,58599.10000000,0.00006000,1725161339999,3.51594600,1,0E-8,0E-8
1725161340000,58605.61000000,58605.61000000,58605.61000000,58605.61000000,0.00205000,1725161399999,120.14150050,1,0E-8,0E-8
1725161400000,58605.63000000,58605.65000000,58605.63000000,58605.65000000,0.00147000,1725161459999,86.15027650,2,0E-8,0E-8
1725161460000,58605.65000000,58605.65000000,58605.65000000,58605.65000000,0E-8,1725161519999,0E-8,0,0E-8,0E-8
1725161520000,58605.65000000,58605.65000000,58605.65000000,58605.65000000,0E-8,1725161579999,0E-8,0,0E-8,0E-8
1725161580000,58620.50000000,58620.50000000,58620.50000000,58620.50000000,0.00017000,1725161639999,9.96548500,2,0E-8,0E-8
1725161640000,58620.50000000,58620.50000000,58620.50000000,58620.50000000,0E-8,1725161699999,0E-8,0,0E-8,0E-8
1725161700000,58593.69000000,58601.92000000,58593.69000000,58601.92000000,0.00005000,1725161759999,2.92984910,2,0.00002000,1.17203840
1725161760000,58649.30000000,58649.30000000,58649.30000000,58649.30000000,0.00113000,1725161819999,66.27370900,1,0.00113000,66.27370900
1725161820000,58594.40000000,58594.40000000,58594.40000000,58594.40000000,0.00002000,1725161879999,1.17188800,1,0E-8,0E-8
1725161880000,58594.40000000,58594.40000000,58594.40000000,58594.40000000,0E-8,1725161939999,0E-8,0,0E-8,0E-8
1725161940000,58594.40000000,58594.40000000,58594.40000000,58594.40000000,0E-8,1725161999999,0E-8,0,0E-8,0E-8
1725162000000,58594.40000000,58594.40000000,58594.40000000,58594.40000000,0.00003000,1725162059999,1.75783200,1,0.00003000,1.75783200
1725162060000,58594.40000000,58594.40000000,58594.40000000,58594.40000000,0E-8,1725162119999,0E-8,0,0E-8,0E-8
1725162120000,58594.40000000,58594.40000000,58594.40000000,58594.40000000,0E-8,1725162179999,0E-8,0,0E-8,0E-8
1725162180000,58564.95000000,58594.40000000,58564.95000000,58594.40000000,0.00043000,1725162239999,25.18940750,2,0.00022000,12.89076800
1725162240000,58594.09000000,58594.09000000,58594.09000000,58594.09000000,0.00088000,1725162299999,51.56279920,7,0.00088000,51.56279920
1725162300000,58594.09000000,58594.09000000,58594.09000000,58594.09000000,0.00019000,1725162359999,11.13287710,3,0.00019000,11.13287710
1725162360000,58594.40000000,58594.40000000,58594.40000000,58594.40000000,0.00011000,1725162419999,6.44538400,3,0.00011000,6.44538400
1725162420000,58594.40000000,58594.40000000,58594.40000000,58594.40000000,0E-8,1725162479999,0E-8,0,0E-8,0E-8
1725162480000,58594.34000000,58594.34000000,58594.34000000,58594.34000000,0.00003000,1725162539999,1.75783020,1,0.00003000,1.75783020
1725162540000,58567.24000000,58567.24000000,58567.24000000,58567.24000000,0.01605000,1725162599999,940.00420200,2,0E-8,0E-8
1725162600000,58567.24000000,58567.24000000,58567.24000000,58567.24000000,0E-8,1725162659999,0E-8,0,0E-8,0E-8
1725162660000,58567.24000000,58567.24000000,58567.24000000,58567.24000000,0E-8,1725162719999,0E-8,0,0E-8,0E-8
1725162720000,58567.24000000,58567.24000000,58567.24000000,58567.24000000,0E-8,1725162779999,0E-8,0,0E-8,0E-8
1725162780000,58567.24000000,58567.24000000,58567.24000000,58567.24000000,0E-8,1725162839999,0E-8,0,0E-8,0E-8
1725162840000,58553.38000000,58553.38000000,58553.38000000,58553.38000000,0.00044000,1725162899999,25.76348720,1,0.00044000,25.76348720
1725162900000,58553.38000000,58553.38000000,58553.38000000,58553.38000000,0E-8,1725162959999,0E-8,0,0E-8,0E-8
1725162960000,58529.68000000,58529.68000000,58529.68000000,58529.68000000,0.00002000,1725163019999,1.17059360,1,0.00002000,1.17059360
1725163020000,58545.59000000,58546.30000000,58545.59000000,58546.30000000,0.00017000,1725163079999,9.95285680,2,0.00017000,9.95285680
1725163080000,58546.30000000,58546.30000000,58546.30000000,58546.30000000,0E-8,1725163139999,0E-8,0,0E-8,0E-8
1725163140000,58546.30000000,58546.30000000,58546.30000000,58546.30000000,0E-8,1725163199999,0E-8,0,0E-8,0E-8
1725163200000,58545.41000000,58545.41000000,58545.41000000,58545.41000000,0.00002000,1725163259999,1.17090820,1,0.00002000,1.17090820
1725163260000,58545.41000000,58545.41000000,58545.41000000,58545.41000000,0E-8,1725163319999,0E-8,0,0E-8,0E-8
1725163320000,58545.41000000,58545.41000000,58545.41000000,58545.41000000,0E-8,1725163379999,0E-8,0,0E-8,0E-8
1725163380000,58544.78000000,58544.79000000,58544.78000000,58544.79000000,0.00043000,1725163439999,25.17425630,2,0.00043000,25.17425630
1725163440000,58495.42000000,58495.42000000,58495.42000000,58495.42000000,0.00002000,1725163499999,1.16990840,1,0E-8,0E-8
1725163500000,58448.26000000,58448.26000000,58442.19000000,58442.19000000,0.00076000,1725163559999,44.41952430,2,0.00019000,11.10401610
1725163560000,58405.52000000,58447.39000000,58405.52000000,58447.39000000,0.00011000,1725163619999,6.42544460,2,0.00002000,1.16894780
1725163620000,58539.41000000,58539.41000000,58539.41000000,58539.41000000,0.00042000,1725163679999,24.58655220,1,0.00042000,24.58655220
1725163680000,58539.41000000,58539.41000000,58539.41000000,58539.41000000,0E-8,1725163739999,0E-8,0,0E-8,0E-8
1725163740000,58549.78000000,58549.78000000,58549.63000000,58549.63000000,0.00006000,1725163799999,3.51298230,2,0.00006000,3.51298230
1725163800000,58501.96000000,58501.96000000,58474.14000000,58474.14000000,0.00004000,1725163859999,2.33952200,2,0E-8,0E-8
1725163860000,58474.14000000,58474.14000000,58474.14000000,58474.14000000,0E-8,1725163919999,0E-8,0,0E-8,0E-8
1725163920000,58474.14000000,58474.14000000,58474.14000000,58474.14000000,0E-8,1725163979999,0E-8,0,0E-8,0E-8
1725163980000,58497.87000000,58497.87000000,58497.87000000,58497.87000000,0.00002000,1725164039999,1.16995740,1,0.00002000,1.16995740
1725164040000,58497.87000000,58497.87000000,58497.87000000,58497.87000000,0E-8,1725164099999,0E-8,0,0E-8,0E-8
1725164100000,58497.87000000,58497.87000000,58497.87000000,58497.87000000,0E-8,1725164159999,0E-8,0,0E-8,0E-8
1725164160000,58478.15000000,58478.15000000,58478.15000000,58478.15000000,0.00002000,1725164219999,1.16956300,1,0E-8,0E-8
1725164220000,58478.15000000,58478.15000000,58478.15000000,58478.15000000,0E-8,1725164279999,0E-8,0,0E-8,0E-8
1725164280000,58478.15000000,58478.15000000,58478.15000000,58478.15000000,0E-8,1725164339999,0E-8,0,0E-8,0E-8
1725164340000,58478.15000000,58478.15000000,58478.15000000,58478.15000000,0E-8,1725164399999,0E-8,0,0E-8,0E-8
1725164400000,58478.15000000,58478.15000000,58478.15000000,58478.15000000,0E-8,1725164459999,0E-8,0,0E-8,0E-8
1725164460000,58485.19000000,58485.19000000,58429.53000000,58429.53000000,0.00076000,1725164519999,44.40811260,2,0.00003000,1.75455570
1725164520000,58429.53000000,58429.53000000,58429.53000000,58429.53000000,0E-8,1725164579999,0E-8,0,0E-8,0E-8
1725164580000,58429.12000000,58429.12000000,58429.11000000,58429.11000000,0.00631000,1725164639999,368.68770060,2,0E-8,0E-8
1725164640000,58478.58000000,58501.03000000,58478.58000000,58501.03000000,0.00008000,1725164699999,4.67963340,2,0.00008000,4.67963340
1725164700000,58501.03000000,58501.03000000,58501.03000000,58501.03000000,0E-8,1725164759999,0E-8,0,0E-8,0E-8
1725164760000,58514.68000000,58514.68000000,58514.68000000,58514.68000000,0.00076000,1725164819999,44.47115680,3,0.00076000,44.47115680
1725164820000,58524.59000000,58524.59000000,58524.59000000,58524.59000000,0.00156000,1725164879999,91.29836040,1,0.00156000,91.29836040
1725164880000,58524.59000000,58524.59000000,58524.59000000,58524.59000000,0E-8,1725164939999,0E-8,0,0E-8,0E-8
1725164940000,58524.59000000,58524.59000000,58524.59000000,58524.59000000,0E-8,1725164999999,0E-8,0,0E-8,0E-8
1725165000000,58535.59000000,58535.59000000,58535.59000000,58535.59000000,0.00026000,1725165059999,15.21925340,2,0.00026000,15.21925340
1725165060000,58535.59000000,58535.59000000,58535.59000000,58535.59000000,0E-8,1725165119999,0E-8,0,0E-8,0E-8
1725165120000,58535.59000000,58535.59000000,58535.59000000,58535.59000000,0E-8,1725165179999,0E-8,0,0E-8,0E-8
1725165180000,58550.00000000,58576.09000000,58550.00000000,58576.09000000,0.12279000,1725165239999,7189.40407100,3,0.12279000,7189.40407100
1725165240000,58576.09000000,58576.09000000,58576.09000000,58576.09000000,0E-8,1725165299999,0E-8,0,0E-8,0E-8
1725165300000,58586.20000000,58586.20000000,58586.19000000,58586.19000000,0.00250000,1725165359999,146.46548810,2,0.00250000,146.46548810
1725165360000,58586.19000000,58586.19000000,58586.19000000,58586.19000000,0E-8,1725165419999,0E-8,0,0E-8,0E-8
1725165420000,58586.19000000,58586.19000000,58586.19000000,58586.19000000,0E-8,1725165479999,0E-8,0,0E-8,0E-8
1725165480000,58586.19000000,58586.19000000,58586.19000000,58586.19000000,0E-8,1725165539999,0E-8,0,0E-8,0E-8
1725165540000,58586.19000000,58586.19000000,58586.19000000,58586.19000000,0E-8,1725165599999,0E-8,0,0E-8,0E-8
1725165600000,58584.90000000,58584.90000000,58584.70000000,58584.70000000,0.00039000,1725165659999,22.84809940,5,0.00039000,22.84809940
1725165660000,58584.70000000,58584.70000000,58584.70000000,58584.70000000,0E-8,1725165719999,0E-8,0,0E-8,0E-8
1725165720000,58584.70000000,58584.70000000,58584.70000000,58584.70000000,0E-8,1725165779999,0E-8,0,0E-8,0E-8
1725165780000,58536.52000000,58536.52000000,58536.52000000,58536.52000000,0.00007000,1725165839999,4.09755640,1,0E-8,0E-8
1725165840000,58536.52000000,58536.52000000,58536.52000000,58536.52000000,0E-8,1725165899999,0E-8,0,0E-8,0E-8
1725165900000,58536.52000000,58583.51000000,58536.52000000,58536.52000000,0.00128000,1725165959999,74.94366200,4,0.00036000,21.09006360
1725165960000,58536.52000000,58536.52000000,58536.51000000,58536.51000000,0.00210000,1725166019999,122.92669180,3,0E-8,0E-8
1725166020000,58525.28000000,58525.28000000,58525.13000000,58525.13000000,0.00015000,1725166079999,8.77878640,3,0.00015000,8.77878640
1725166080000,58525.13000000,58525.13000000,58525.13000000,58525.13000000,0E-8,1725166139999,0E-8,0,0E-8,0E-8
1725166140000,58464.90000000,58464.90000000,58464.90000000,58464.90000000,0.00041000,1725166199999,23.97060900,1,0E-8,0E-8
1725166200000,58464.90000000,58464.90000000,58464.90000000,58464.90000000,0E-8,1725166259999,0E-8,0,0E-8,0E-8
1725166260000,58446.46000000,58446.46000000,58446.46000000,58446.46000000,0.00008000,1725166319999,4.67571680,1,0.00008000,4.67571680
1725166320000,58446.46000000,58446.46000000,58446.46000000,58446.46000000,0E-8,1725166379999,0E-8,0,0E-8,0E-8
1725166380000,58446.46000000,58446.46000000,58446.46000000,58446.46000000,0E-8,1725166439999,0E-8,0,0E-8,0E-8
1725166440000,58446.46000000,58446.46000000,58446.46000000,58446.46000000,0E-8,1725166499999,0E-8,0,0E-8,0E-8
1725166500000,58446.46000000,58446.46000000,58446.46000000,58446.46000000,0E-8,1725166559999,0E-8,0,0E-8,0E-8
1725166560000,58454.48000000,58454.48000000,58400.00000000,58400.00000000,0.00044000,1725166619999,25.69708960,2,0.00002000,1.16908960
1725166620000,58400.00000000,58400.00000000,58400.00000000,58400.00000000,0E-8,1725166679999,0E-8,0,0E-8,0E-8
1725166680000,58439.24000000,58439.26000000,58439.24000000,58439.26000000,0.00078000,1725166739999,45.58261220,5,0.00078000,45.58261220
1725166740000,58439.26000000,58439.26000000,58439.26000000,58439.26000000,0E-8,1725166799999,0E-8,0,0E-8,0E-8
1725166800000,58453.58000000,58453.58000000,58453.37000000,58453.44000000,0.00694000,1725166859999,405.66687570,3,0.00694000,405.66687570
1725166860000,58459.93000000,58473.80000000,58459.93000000,58473.76000000,0.00008000,1725166919999,4.67752710,4,0.00008000,4.67752710
1725166920000,58473.38000000,58473.38000000,58473.23000000,58473.23000000,0.00530000,1725166979999,309.90823260,11,0.00530000,309.90823260
1725166980000,58473.21000000,58473.21000000,58472.93000000,58472.93000000,0.00005000,1725167039999,2.92365210,2,0.00005000,2.92365210
1725167040000,58472.93000000,58472.93000000,58472.93000000,58472.93000000,0E-8,1725167099999,0E-8,0,0E-8,0E-8
1725167100000,58422.31000000,58422.31000000,58422.31000000,58422.31000000,0.00002000,1725167159999,1.16844620,1,0E-8,0E-8
1725167160000,58422.31000000,58422.31000000,58422.31000000,58422.31000000,0E-8,1725167219999,0E-8,0,0E-8,0E-8
1725167220000,58378.78000000,58407.24000000,58340.11000000,58365.42000000,0.01733000,1725167279999,1011.45368400,9,0.00152000,88.76468650
1725167280000,58365.42000000,58365.42000000,58365.42000000,58365.42000000,0E-8,1725167339999,0E-8,0,0E-8,0E-8
1725167340000,58364.11000000,58364.11000000,58349.56000000,58349.56000000,0.00130000,1725167399999,75.87257230,3,0.00130000,75.87257230
1725167400000,58349.16000000,58349.16000000,58342.23000000,58342.29000000,0.01010000,1725167459999,589.25671230,4,0.01010000,589.25671230
1725167460000,58341.84000000,58341.84000000,58341.80000000,58341.80000000,0.00006000,1725167519999,3.50050920,2,0.00006000,3.50050920
1725167520000,58304.73000000,58349.14000000,58304.72000000,58349.14000000,0.01983000,1725167579999,1156.19753830,5,0.00034000,19.83845560
1725167580000,58305.43000000,58305.43000000,58251.17000000,58264.96000000,0.02929000,1725167639999,1706.71398570,15,0.00797000,464.37173120
1725167640000,58265.00000000,58265.00000000,58265.00000000,58265.00000000,0.01068000,1725167699999,622.27020000,2,0.01068000,622.27020000
1725167700000,58301.66000000,58301.66000000,58301.66000000,58301.66000000,0.00002000,1725167759999,1.16603320,1,0.00002000,1.16603320
1725167760000,58340.96000000,58340.96000000,58293.30000000,58293.30000000,0.00089000,1725167819999,51.88343420,4,0.00005000,2.91704800
1725167820000,58293.30000000,58293.30000000,58293.30000000,58293.30000000,0E-8,1725167879999,0E-8,0,0E-8,0E-8
1725167880000,58353.64000000,58353.64000000,58353.64000000,58353.64000000,0.00003000,1725167939999,1.75060920,1,0.00003000,1.75060920
1725167940000,58381.07000000,58381.07000000,58380.67000000,58380.67000000,0.00098000,1725167999999,57.21311660,2,0.00098000,57.21311660
1725168000000,58380.67000000,58380.67000000,58380.67000000,58380.67000000,0E-8,1725168059999,0E-8,0,0E-8,0E-8
1725168060000,58260.98000000,58308.41000000,58214.71000000,58308.41000000,0.00967000,1725168119999,563.17070640,6,0.00010000,5.83084100
1725168120000,58291.17000000,58291.17000000,58181.06000000,58181.06000000,0.01498000,1725168179999,871.81014980,11,0.00034000,19.81899780
1725168180000,58176.64000000,58181.06000000,58047.91000000,58145.29000000,1.01380000,1725168239999,58882.24799950,31,0.01163000,676.61965510
1725168240000,58166.28000000,58166.99000000,58059.98000000,58090.18000000,0.01570000,1725168299999,911.99970880,10,0.01484000,862.06811180
1725168300000,58104.01000000,58104.01000000,58036.04000000,58078.11000000,0.03606000,1725168359999,2092.83464950,9,0.00112000,65.05403350
1725168360000,58077.47000000,58078.11000000,57924.18000000,57924.18000000,0.22012000,1725168419999,12765.00755640,46,0.00951000,552.15343450
1725168420000,58023.70000000,58023.70000000,57876.23000000,58022.33000000,0.01557000,1725168479999,902.26970680,15,0.00723000,419.45774820
1725168480000,58011.31000000,58099.09000000,58011.31000000,58099.09000000,0.01228000,1725168539999,712.58630540,10,0.01228000,712.58630540
1725168540000,58099.09000000,58099.09000000,58099.09000000,58099.09000000,0.00002000,1725168599999,1.16198180,1,0.00002000,1.16198180
1725168600000,58026.77000000,58031.01000000,58026.77000000,58031.01000000,0.00027000,1725168659999,15.66828790,2,0.00025000,14.50775250
1725168660000,58029.56000000,58080.49000000,58011.15000000,58080.49000000,0.01390000,1725168719999,806.59644910,9,0.01219000,707.39738260
1725168720000,58080.48000000,58080.48000000,58080.48000000,58080.48000000,0.00002000,1725168779999,1.16160960,1,0.00002000,1.16160960
1725168780000,57986.42000000,58010.00000000,57962.73000000,57962.73000000,0.00161000,1725168839999,93.32850500,4,0.00142000,82.30707660
1725168840000,57962.71000000,57962.71000000,57954.51000000,57954.51000000,0.00093000,1725168899999,53.90190060,4,0.00093000,53.90190060
1725168900000,57953.81000000,57954.49000000,57953.20000000,57954.49000000,0.00144000,1725168959999,83.45407110,9,0.00123000,71.28372690
1725168960000,57896.95000000,57896.95000000,57896.95000000,57896.95000000,0.00068000,1725169019999,39.36992600,1,0E-8,0E-8
1725169020000,57945.38000000,57945.38000000,57945.38000000,57945.38000000,0.00240000,1725169079999,139.06891200,1,0.00240000,139.06891200
1725169080000,57945.33000000,57945.33000000,57940.69000000,57940.69000000,0.00082000,1725169139999,47.51150500,2,0.00082000,47.51150500
1725169140000,57890.99000000,57890.99000000,57800.00000000,57850.39000000,0.07479000,1725169199999,4327.54518870,23,0.01213000,701.72510960
1725169200000,57800.00000000,57916.49000000,57800.00000000,57916.49000000,0.01989000,1725169259999,1151.28680320,6,0.01657000,959.39077110
1725169260000,57916.49000000,57916.49000000,57916.49000000,57916.49000000,0E-8,1725169319999,0E-8,0,0E-8,0E-8
1725169320000,57936.16000000,57995.95000000,57936.16000000,57985.66000000,0.00020000,1725169379999,11.59599470,4,0.00013000,7.53947350
1725169380000,58015.10000000,58015.10000000,58015.10000000,58015.10000000,0.00006000,1725169439999,3.48090600,1,0E-8,0E-8
1725169440000,58043.85000000,58043.85000000,58043.85000000,58043.85000000,0.00014000,1725169499999,8.12613900,1,0.00014000,8.12613900
1725169500000,57985.66000000,57985.66000000,57985.66000000,57985.66000000,0.00008000,1725169559999,4.63885280,1,0E-8,0E-8
1725169560000,57986.19000000,57999.87000000,57986.19000000,57999.87000000,0.00023000,1725169619999,13.33778690,3,0E-8,0E-8
1725169620000,57999.87000000,57999.87000000,57999.87000000,57999.87000000,0E-8,1725169679999,0E-8,0,0E-8,0E-8
1725169680000,57999.97000000,58002.71000000,57999.97000000,58002.71000000,0.00005000,1725169739999,2.90008070,2,0E-8,0E-8
1725169740000,58002.71000000,58002.71000000,58002.71000000,58002.71000000,0E-8,1725169799999,0E-8,0,0E-8,0E-8
1725169800000,58002.71000000,58002.71000000,57944.37000000,57944.37000000,0.01439000,1725169859999,834.20992310,5,0E-8,0E-8
1725169860000,58056.35000000,58056.35000000,57906.44000000,57906.44000000,0.00387000,1725169919999,224.35591980,3,0.00144000,83.60114400
1725169920000,57936.93000000,57936.93000000,57936.93000000,57936.93000000,0.05765000,1725169979999,3340.06401450,2,0E-8,0E-8
1725169980000,57909.32000000,57962.88000000,57888.29000000,57935.46000000,0.01059000,1725170039999,613.78065220,5,0.00971000,562.81946790
1725170040000,57944.02000000,57944.02000000,57926.57000000,57926.57000000,0.00484000,1725170099999,280.41345880,4,0E-8,0E-8
1725170100000,57926.59000000,57926.59000000,57926.59000000,57926.59000000,0.00009000,1725170159999,5.21339310,1,0E-8,0E-8
1725170160000,57963.01000000,58028.40000000,57963.01000000,58028.40000000,0.08275000,1725170219999,4801.69777060,6,0.08043000,4667.22358740
1725170220000,57983.82000000,57983.88000000,57983.82000000,57983.88000000,0.00004000,1725170279999,2.31935400,2,0E-8,0E-8
1725170280000,57983.88000000,57983.88000000,57983.88000000,57983.88000000,0E-8,1725170339999,0E-8,0,0E-8,0E-8
1725170340000,57983.88000000,57983.88000000,57983.88000000,57983.88000000,0E-8,1725170399999,0E-8,0,0E-8,0E-8
1725170400000,57983.88000000,57983.88000000,57983.88000000,57983.88000000,0E-8,1725170459999,0E-8,0,0E-8,0E-8
1725170460000,57975.39000000,57975.53000000,57975.39000000,57975.53000000,0.00093000,1725170519999,53.91722630,3,0E-8,0E-8
1725170520000,57975.57000000,57975.57000000,57975.57000000,57975.57000000,0.00027000,1725170579999,15.65340390,1,0E-8,0E-8
1725170580000,57975.57000000,57975.57000000,57975.57000000,57975.57000000,0E-8,1725170639999,0E-8,0,0E-8,0E-8
1725170640000,57975.57000000,57975.57000000,57975.57000000,57975.57000000,0E-8,1725170699999,0E-8,0,0E-8,0E-8
1725170700000,57975.57000000,57975.57000000,57975.57000000,57975.57000000,0E-8,1725170759999,0E-8,0,0E-8,0E-8
1725170760000,57975.57000000,57975.57000000,57975.57000000,57975.57000000,0E-8,1725170819999,0E-8,0,0E-8,0E-8
1725170820000,57975.57000000,57975.57000000,57975.57000000,57975.57000000,0E-8,1725170879999,0E-8,0,0E-8,0E-8
1725170880000,58044.41000000,58044.41000000,58044.41000000,58044.41000000,0.00012000,1725170939999,6.96532920,1,0E-8,0E-8
1725170940000,58044.41000000,58044.41000000,58044.41000000,58044.41000000,0E-8,1725170999999,0E-8,0,0E-8,0E-8
1725171000000,58099.09000000,58136.70000000,58072.02000000,58097.14000000,0.00217000,1725171059999,126.04724660,8,0.00052000,30.22431420
1725171060000,58104.34000000,58139.78000000,58104.34000000,58107.09000000,0.00043000,1725171119999,24.98585000,3,0.00002000,1.16279560
1725171120000,58153.74000000,58176.59000000,58144.07000000,58176.59000000,0.00431000,1725171179999,250.67499200,5,0.00279000,162.29600560
1725171180000,58176.64000000,58176.64000000,58148.47000000,58155.72000000,0.00094000,1725171239999,54.66757390,4,0.00013000,7.56296320
1725171240000,58156.08000000,58156.08000000,58156.08000000,58156.08000000,0.00004000,1725171299999,2.32624320,1,0E-8,0E-8
1725171300000,58124.82000000,58124.82000000,58124.82000000,58124.82000000,0.00002000,1725171359999,1.16249640,1,0E-8,0E-8
1725171360000,58124.82000000,58124.82000000,58124.82000000,58124.82000000,0.00004000,1725171419999,2.32499280,2,0E-8,0E-8
1725171420000,58193.35000000,58193.35000000,58180.53000000,58180.53000000,0.00169000,1725171479999,98.34650510,2,0.00167000,97.18289450
1725171480000,58180.53000000,58180.53000000,58180.53000000,58180.53000000,0E-8,1725171539999,0E-8,0,0E-8,0E-8
1725171540000,58136.00000000,58136.00000000,58136.00000000,58136.00000000,0.00868000,1725171599999,504.62048000,1,0E-8,0E-8
1725171600000,58136.02000000,58136.02000000,58136.02000000,58136.02000000,0.00003000,1725171659999,1.74408060,1,0E-8,0E-8
1725171660000,58124.83000000,58181.45000000,58124.83000000,58181.01000000,0.00344000,1725171719999,200.14228460,4,0.00342000,198.97978800
1725171720000,58181.01000000,58181.01000000,58181.01000000,58181.01000000,0E-8,1725171779999,0E-8,0,0E-8,0E-8
1725171780000,58181.01000000,58181.01000000,58181.01000000,58181.01000000,0E-8,1725171839999,0E-8,0,0E-8,0E-8
1725171840000,58127.63000000,58182.36000000,58127.63000000,58182.36000000,0.02197000,1725171899999,1278.19185240,4,0.02061000,1199.13827560
1725171900000,58182.36000000,58182.36000000,58182.36000000,58182.36000000,0E-8,1725171959999,0E-8,0,0E-8,0E-8
1725171960000,58182.36000000,58182.36000000,58182.36000000,58182.36000000,0E-8,1725172019999,0E-8,0,0E-8,0E-8
1725172020000,58140.85000000,58140.85000000,58140.85000000,58140.85000000,0.00125000,1725172079999,72.67606250,1,0E-8,0E-8
1725172080000,58140.85000000,58140.85000000,58140.85000000,58140.85000000,0E-8,1725172139999,0E-8,0,0E-8,0E-8
1725172140000,58140.85000000,58140.85000000,58140.85000000,58140.85000000,0E-8,1725172199999,0E-8,0,0E-8,0E-8
1725172200000,58143.08000000,58143.08000000,58143.08000000,58143.08000000,0.00025000,1725172259999,14.53577000,1,0E-8,0E-8
1725172260000,58143.08000000,58143.08000000,58143.08000000,58143.08000000,0E-8,1725172319999,0E-8,0,0E-8,0E-8
1725172320000,58143.08000000,58143.08000000,58143.08000000,58143.08000000,0E-8,1725172379999,0E-8,0,0E-8,0E-8
1725172380000,58127.42000000,58127.42000000,58127.42000000,58127.42000000,0.00002000,1725172439999,1.16254840,1,0E-8,0E-8
1725172440000,58127.42000000,58127.42000000,58127.42000000,58127.42000000,0E-8,1725172499999,0E-8,0,0E-8,0E-8
1725172500000,58127.42000000,58127.42000000,58127.42000000,58127.42000000,0E-8,1725172559999,0E-8,0,0E-8,0E-8
1725172560000,58139.54000000,58139.54000000,58139.54000000,58139.54000000,0.00002000,1725172619999,1.16279080,1,0E-8,0E-8
1725172620000,58139.54000000,58139.54000000,58139.54000000,58139.54000000,0E-8,1725172679999,0E-8,0,0E-8,0E-8
1725172680000,58135.76000000,58135.76000000,58135.76000000,58135.76000000,0.00002000,1725172739999,1.16271520,1,0E-8,0E-8
1725172740000,58135.76000000,58135.76000000,58135.76000000,58135.76000000,0E-8,1725172799999,0E-8,0,0E-8,0E-8
1725172800000,58135.76000000,58135.76000000,58135.76000000,58135.76000000,0E-8,1725172859999,0E-8,0,0E-8,0E-8
1725172860000,58171.28000000,58171.28000000,58171.28000000,58171.28000000,0.00002000,1725172919999,1.16342560,1,0.00002000,1.16342560
1725172920000,58160.01000000,58160.01000000,58160.01000000,58160.01000000,0.00057000,1725172979999,33.15120570,1,0E-8,0E-8
1725172980000,58177.87000000,58177.87000000,58177.87000000,58177.87000000,0.00005000,1725173039999,2.90889350,1,0E-8,0E-8
1725173040000,58177.87000000,58177.87000000,58177.87000000,58177.87000000,0E-8,1725173099999,0E-8,0,0E-8,0E-8
1725173100000,58214.70000000,58229.03000000,58197.96000000,58229.03000000,0.00146000,1725173159999,84.97990010,7,0.00049000,28.52785070
1725173160000,58235.01000000,58251.17000000,58233.71000000,58249.45000000,0.00384000,1725173219999,223.65962460,8,0.00016000,9.31954080
1725173220000,58262.89000000,58262.89000000,58262.89000000,58262.89000000,0.00046000,1725173279999,26.80092940,1,0.00046000,26.80092940
1725173280000,58189.71000000,58189.71000000,58189.71000000,58189.71000000,0.00002000,1725173339999,1.16379420,1,0E-8,0E-8
1725173340000,58245.08000000,58245.79000000,58245.08000000,58245.79000000,0.00160000,1725173399999,93.19324980,2,0.00160000,93.19324980
1725173400000,58245.67000000,58245.67000000,58245.67000000,58245.67000000,0.00054000,1725173459999,31.45266180,1,0.00054000,31.45266180
1725173460000,58245.67000000,58245.67000000,58245.67000000,58245.67000000,0E-8,1725173519999,0E-8,0,0E-8,0E-8
1725173520000,58245.67000000,58245.67000000,58245.67000000,58245.67000000,0E-8,1725173579999,0E-8,0,0E-8,0E-8
1725173580000,58245.67000000,58245.67000000,58245.67000000,58245.67000000,0E-8,1725173639999,0E-8,0,0E-8,0E-8
1725173640000,58245.67000000,58245.67000000,58245.67000000,58245.67000000,0E-8,1725173699999,0E-8,0,0E-8,0E-8
1725173700000,58178.51000000,58178.51000000,58178.51000000,58178.51000000,0.00026000,1725173759999,15.12641260,1,0E-8,0E-8
1725173760000,58178.51000000,58178.51000000,58178.51000000,58178.51000000,0E-8,1725173819999,0E-8,0,0E-8,0E-8
1725173820000,58179.71000000,58179.71000000,58179.71000000,58179.71000000,0.00083000,1725173879999,48.28915930,1,0E-8,0E-8
1725173880000,58179.71000000,58179.71000000,58179.71000000,58179.71000000,0E-8,1725173939999,0E-8,0,0E-8,0E-8
1725173940000,58179.71000000,58179.71000000,58179.71000000,58179.71000000,0E-8,1725173999999,0E-8,0,0E-8,0E-8
1725174000000,58179.71000000,58179.71000000,58179.71000000,58179.71000000,0E-8,1725174059999,0E-8,0,0E-8,0E-8
1725174060000,58252.06000000,58252.06000000,58252.06000000,58252.06000000,0.00014000,1725174119999,8.15528840,1,0.00014000,8.15528840
1725174120000,58227.70000000,58227.70000000,58227.70000000,58227.70000000,0.00002000,1725174179999,1.16455400,1,0E-8,0E-8
1725174180000,58246.01000000,58246.73000000,58246.01000000,58246.73000000,0.00206000,1725174239999,119.98823240,3,0.00206000,119.98823240
1725174240000,58246.73000000,58246.73000000,58246.73000000,58246.73000000,0.00172000,1725174299999,100.18437560,1,0.00172000,100.18437560
1725174300000,58246.73000000,58246.73000000,58246.73000000,58246.73000000,0E-8,1725174359999,0E-8,0,0E-8,0E-8
1725174360000,58246.73000000,58246.73000000,58246.73000000,58246.73000000,0E-8,1725174419999,0E-8,0,0E-8,0E-8
1725174420000,58246.73000000,58246.73000000,58246.73000000,58246.73000000,0E-8,1725174479999,0E-8,0,0E-8,0E-8
1725174480000,58245.69000000,58245.69000000,58245.69000000,58245.69000000,0.00025000,1725174539999,14.56142250,1,0.00025000,14.56142250
1725174540000,58200.00000000,58200.00000000,58200.00000000,58200.00000000,0.02000000,1725174599999,1164.00000000,2,0E-8,0E-8
1725174600000,58168.62000000,58168.62000000,58168.62000000,58168.62000000,0.00346000,1725174659999,201.26342520,3,0E-8,0E-8
1725174660000,58169.52000000,58169.52000000,58158.22000000,58158.22000000,0.01098000,1725174719999,638.57759460,2,0E-8,0E-8
1725174720000,58158.22000000,58158.22000000,58158.22000000,58158.22000000,0E-8,1725174779999,0E-8,0,0E-8,0E-8
1725174780000,58158.22000000,58158.22000000,58158.22000000,58158.22000000,0E-8,1725174839999,0E-8,0,0E-8,0E-8
1725174840000,58158.22000000,58158.22000000,58158.22000000,58158.22000000,0E-8,1725174899999,0E-8,0,0E-8,0E-8
1725174900000,58158.22000000,58158.22000000,58158.22000000,58158.22000000,0E-8,1725174959999,0E-8,0,0E-8,0E-8
1725174960000,58158.22000000,58158.22000000,58158.22000000,58158.22000000,0E-8,1725175019999,0E-8,0,0E-8,0E-8
1725175020000,58158.22000000,58158.22000000,58158.22000000,58158.22000000,0E-8,1725175079999,0E-8,0,0E-8,0E-8
1725175080000,58158.22000000,58158.22000000,58158.22000000,58158.22000000,0E-8,1725175139999,0E-8,0,0E-8,0E-8
1725175140000,58158.22000000,58158.22000000,58158.22000000,58158.22000000,0E-8,1725175199999,0E-8,0,0E-8,0E-8
1725175200000,58158.22000000,58158.22000000,58158.22000000,58158.22000000,0E-8,1725175259999,0E-8,0,0E-8,0E-8
1725175260000,58161.51000000,58213.93000000,58161.51000000,58213.93000000,0.00030000,1725175319999,17.45107400,2,0.00005000,2.91069650
1725175320000,58196.14000000,58196.14000000,58196.14000000,58196.14000000,0.00002000,1725175379999,1.16392280,1,0E-8,0E-8
1725175380000,58196.14000000,58196.14000000,58196.14000000,58196.14000000,0E-8,1725175439999,0E-8,0,0E-8,0E-8
1725175440000,58196.14000000,58196.14000000,58196.14000000,58196.14000000,0E-8,1725175499999,0E-8,0,0E-8,0E-8
1725175500000,58125.58000000,58125.58000000,58125.58000000,58125.58000000,0.00003000,1725175559999,1.74376740,1,0E-8,0E-8
1725175560000,58185.50000000,58185.50000000,58185.36000000,58185.36000000,0.00260000,1725175619999,151.28229720,2,0.00260000,151.28229720
1725175620000,58185.36000000,58185.36000000,58185.36000000,58185.36000000,0E-8,1725175679999,0E-8,0,0E-8,0E-8
1725175680000,58185.24000000,58185.24000000,58185.22000000,58185.22000000,0.00004000,1725175739999,2.32740920,2,0.00004000,2.32740920
1725175740000,58185.22000000,58185.22000000,58185.22000000,58185.22000000,0E-8,1725175799999,0E-8,0,0E-8,0E-8
1725175800000,58185.22000000,58185.22000000,58185.22000000,58185.22000000,0E-8,1725175859999,0E-8,0,0E-8,0E-8
1725175860000,58185.22000000,58185.22000000,58185.22000000,58185.22000000,0E-8,1725175919999,0E-8,0,0E-8,0E-8
1725175920000,58184.59000000,58184.59000000,58184.59000000,58184.59000000,0.00002000,1725175979999,1.16369180,1,0.00002000,1.16369180
1725175980000,58184.59000000,58184.59000000,58184.59000000,58184.59000000,0E-8,1725176039999,0E-8,0,0E-8,0E-8
1725176040000,58184.59000000,58184.59000000,58184.59000000,58184.59000000,0E-8,1725176099999,0E-8,0,0E-8,0E-8
1725176100000,58236.54000000,58236.54000000,58236.54000000,58236.54000000,0.00203000,1725176159999,118.22017620,1,0.00203000,118.22017620
1725176160000,58236.54000000,58236.54000000,58236.54000000,58236.54000000,0E-8,1725176219999,0E-8,0,0E-8,0E-8
1725176220000,58236.54000000,58236.54000000,58236.54000000,58236.54000000,0E-8,1725176279999,0E-8,0,0E-8,0E-8
1725176280000,58201.07000000,58201.07000000,58198.92000000,58198.92000000,0.00045000,1725176339999,26.18955700,2,0E-8,0E-8
1725176340000,58198.92000000,58198.92000000,58198.92000000,58198.92000000,0E-8,1725176399999,0E-8,0,0E-8,0E-8
1725176400000,58180.52000000,58180.52000000,58180.52000000,58180.52000000,0.00006000,1725176459999,3.49083120,1,0E-8,0E-8
1725176460000,58180.52000000,58180.52000000,58180.52000000,58180.52000000,0E-8,1725176519999,0E-8,0,0E-8,0E-8
1725176520000,58170.21000000,58170.23000000,58170.21000000,58170.23000000,0.00284000,1725176579999,165.20341200,3,0E-8,0E-8
1725176580000,58170.23000000,58170.23000000,58170.23000000,58170.23000000,0E-8,1725176639999,0E-8,0,0E-8,0E-8
1725176640000,58218.54000000,58218.54000000,58218.54000000,58218.54000000,0.00002000,1725176699999,1.16437080,1,0.00002000,1.16437080
1725176700000,58273.39000000,58312.97000000,58273.39000000,58285.05000000,0.01916000,1725176759999,1116.66693960,8,0.01890000,1101.51281680
1725176760000,58291.55000000,58344.22000000,58291.55000000,58344.22000000,0.00057000,1725176819999,33.25513760,4,0.00055000,32.08930660
1725176820000,58326.50000000,58492.50000000,58326.50000000,58408.46000000,0.08017000,1725176879999,4687.47178260,22,0.06954000,4067.06614620
1725176880000,58417.30000000,58436.23000000,58417.30000000,58436.23000000,0.00438000,1725176939999,255.94008470,8,0E-8,0E-8
1725176940000,58436.91000000,58436.91000000,58436.91000000,58436.91000000,0.01061000,1725176999999,620.01561510,3,0E-8,0E-8
1725177000000,58436.91000000,58436.91000000,58436.91000000,58436.91000000,0E-8,1725177059999,0E-8,0,0E-8,0E-8
1725177060000,58430.79000000,58430.79000000,58430.79000000,58430.79000000,0.00002000,1725177119999,1.16861580,1,0E-8,0E-8
1725177120000,58429.76000000,58429.76000000,58429.76000000,58429.76000000,0.00004000,1725177179999,2.33719040,2,0E-8,0E-8
1725177180000,58429.76000000,58429.76000000,58429.76000000,58429.76000000,0E-8,1725177239999,0E-8,0,0E-8,0E-8
1725177240000,58429.76000000,58429.76000000,58429.76000000,58429.76000000,0E-8,1725177299999,0E-8,0,0E-8,0E-8
1725177300000,58413.94000000,58413.94000000,58392.25000000,58392.25000000,0.00005000,1725177359999,2.92004630,2,0E-8,0E-8
1725177360000,58392.25000000,58392.25000000,58392.25000000,58392.25000000,0E-8,1725177419999,0E-8,0,0E-8,0E-8
1725177420000,58392.25000000,58392.25000000,58392.25000000,58392.25000000,0E-8,1725177479999,0E-8,0,0E-8,0E-8
1725177480000,58392.25000000,58392.25000000,58392.25000000,58392.25000000,0E-8,1725177539999,0E-8,0,0E-8,0E-8
1725177540000,58403.55000000,58432.10000000,58403.55000000,58432.10000000,0.00004000,1725177599999,2.33671300,2,0.00002000,1.16864200
1725177600000,58434.35000000,58434.35000000,58434.35000000,58434.35000000,0.00074000,1725177659999,43.24141900,1,0E-8,0E-8
1725177660000,58448.54000000,58448.54000000,58448.54000000,58448.54000000,0.00002000,1725177719999,1.16897080,1,0E-8,0E-8
1725177720000,58448.54000000,58448.54000000,58448.54000000,58448.54000000,0E-8,1725177779999,0E-8,0,0E-8,0E-8
1725177780000,58448.54000000,58448.54000000,58448.54000000,58448.54000000,0E-8,1725177839999,0E-8,0,0E-8,0E-8
1725177840000,58437.17000000,58437.17000000,58437.17000000,58437.17000000,0.00002000,1725177899999,1.16874340,1,0E-8,0E-8
1725177900000,58437.17000000,58437.17000000,58437.17000000,58437.17000000,0E-8,1725177959999,0E-8,0,0E-8,0E-8
1725177960000,58437.17000000,58437.17000000,58437.17000000,58437.17000000,0E-8,1725178019999,0E-8,0,0E-8,0E-8
1725178020000,58437.17000000,58437.17000000,58437.17000000,58437.17000000,0E-8,1725178079999,0E-8,0,0E-8,0E-8
1725178080000,58374.31000000,58374.31000000,58374.31000000,58374.31000000,0.00004000,1725178139999,2.33497240,1,0E-8,0E-8
1725178140000,58374.31000000,58374.31000000,58374.31000000,58374.31000000,0E-8,1725178199999,0E-8,0,0E-8,0E-8
1725178200000,58374.31000000,58422.56000000,58374.31000000,58422.56000000,0.00174000,1725178259999,101.65380690,2,0.00171000,99.90257760
1725178260000,58422.56000000,58422.56000000,58422.56000000,58422.56000000,0E-8,1725178319999,0E-8,0,0E-8,0E-8
1725178320000,58422.56000000,58422.56000000,58422.56000000,58422.56000000,0E-8,1725178379999,0E-8,0,0E-8,0E-8
1725178380000,58422.56000000,58422.56000000,58422.56000000,58422.56000000,0E-8,1725178439999,0E-8,0,0E-8,0E-8
1725178440000,58423.23000000,58423.23000000,58423.23000000,58423.23000000,0.00033000,1725178499999,19.27966590,1,0.00033000,19.27966590
1725178500000,58366.96000000,58366.96000000,58366.96000000,58366.96000000,0.00002000,1725178559999,1.16733920,1,0E-8,0E-8
1725178560000,58369.65000000,58369.65000000,58369.65000000,58369.65000000,0.00002000,1725178619999,1.16739300,1,0.00002000,1.16739300
1725178620000,58394.37000000,58394.37000000,58394.37000000,58394.37000000,0.00002000,1725178679999,1.16788740,1,0.00002000,1.16788740
1725178680000,58347.78000000,58347.78000000,58343.59000000,58343.59000000,0.01052000,1725178739999,613.77465060,3,0E-8,0E-8
1725178740000,58343.59000000,58343.59000000,58343.59000000,58343.59000000,0.00020000,1725178799999,11.66871800,2,0E-8,0E-8
1725178800000,58343.59000000,58343.59000000,58343.59000000,58343.59000000,0E-8,1725178859999,0E-8,0,0E-8,0E-8
1725178860000,58359.47000000,58359.47000000,58359.47000000,58359.47000000,0.00020000,1725178919999,11.67189400,1,0.00020000,11.67189400
1725178920000,58359.47000000,58359.47000000,58359.47000000,58359.47000000,0E-8,1725178979999,0E-8,0,0E-8,0E-8
1725178980000,58359.47000000,58359.47000000,58359.47000000,58359.47000000,0E-8,1725179039999,0E-8,0,0E-8,0E-8
1725179040000,58359.47000000,58359.47000000,58359.47000000,58359.47000000,0E-8,1725179099999,0E-8,0,0E-8,0E-8
1725179100000,58344.35000000,58344.35000000,58344.35000000,58344.35000000,0.00003000,1725179159999,1.75033050,1,0.00003000,1.75033050
1725179160000,58359.52000000,58359.52000000,58359.52000000,58359.52000000,0.00002000,1725179219999,1.16719040,1,0.00002000,1.16719040
1725179220000,58359.52000000,58359.52000000,58359.52000000,58359.52000000,0.00002000,1725179279999,1.16719040,1,0.00002000,1.16719040
1725179280000,58359.45000000,58359.45000000,58359.45000000,58359.45000000,0.00002000,1725179339999,1.16718900,1,0.00002000,1.16718900
1725179340000,58334.94000000,58334.94000000,58333.78000000,58333.78000000,0.00418000,1725179399999,243.83812360,5,0E-8,0E-8
1725179400000,58273.41000000,58273.41000000,58251.17000000,58251.17000000,0.00120000,1725179459999,69.91829340,4,0E-8,0E-8
1725179460000,58251.17000000,58251.17000000,58251.17000000,58251.17000000,0E-8,1725179519999,0E-8,0,0E-8,0E-8
1725179520000,58251.17000000,58251.17000000,58251.17000000,58251.17000000,0E-8,1725179579999,0E-8,0,0E-8,0E-8
1725179580000,58269.72000000,58269.72000000,58269.72000000,58269.72000000,0.00002000,1725179639999,1.16539440,1,0.00002000,1.16539440
1725179640000,58223.13000000,58272.57000000,58223.13000000,58272.57000000,0.00166000,1725179699999,96.65880060,2,0.00017000,9.90633690
1725179700000,58272.57000000,58272.57000000,58272.57000000,58272.57000000,0E-8,1725179759999,0E-8,0,0E-8,0E-8
1725179760000,58269.68000000,58269.68000000,58269.47000000,58269.47000000,0.00005000,1725179819999,2.91347770,2,0.00005000,2.91347770
1725179820000,58269.47000000,58269.47000000,58269.47000000,58269.47000000,0E-8,1725179879999,0E-8,0,0E-8,0E-8
1725179880000,58269.42000000,58269.42000000,58269.42000000,58269.42000000,0.00002000,1725179939999,1.16538840,1,0.00002000,1.16538840
1725179940000,58269.42000000,58269.42000000,58269.42000000,58269.42000000,0E-8,1725179999999,0E-8,0,0E-8,0E-8
1725180000000,58267.51000000,58267.51000000,58267.51000000,58267.51000000,0.00004000,1725180059999,2.33070040,1,0.00004000,2.33070040
1725180060000,58267.51000000,58267.51000000,58267.51000000,58267.51000000,0E-8,1725180119999,0E-8,0,0E-8,0E-8
1725180120000,58267.51000000,58267.51000000,58267.51000000,58267.51000000,0E-8,1725180179999,0E-8,0,0E-8,0E-8
1725180180000,58267.51000000,58267.51000000,58267.51000000,58267.51000000,0E-8,1725180239999,0E-8,0,0E-8,0E-8
1725180240000,58267.51000000,58267.51000000,58267.51000000,58267.51000000,0E-8,1725180299999,0E-8,0,0E-8,0E-8
1725180300000,58267.51000000,58267.51000000,58267.51000000,58267.51000000,0E-8,1725180359999,0E-8,0,0E-8,0E-8
1725180360000,58276.09000000,58276.09000000,58271.64000000,58271.64000000,0.00004000,1725180419999,2.33095460,2,0.00002000,1.16552180
1725180420000,58271.64000000,58271.64000000,58271.64000000,58271.64000000,0E-8,1725180479999,0E-8,0,0E-8,0E-8
1725180480000,58224.67000000,58255.89000000,58192.61000000,58255.89000000,0.00297000,1725180539999,172.84147490,5,0.00015000,8.73767350
1725180540000,58255.89000000,58255.89000000,58255.89000000,58255.89000000,0E-8,1725180599999,0E-8,0,0E-8,0E-8
1725180600000,58255.89000000,58255.89000000,58255.89000000,58255.89000000,0E-8,1725180659999,0E-8,0,0E-8,0E-8
1725180660000,58255.89000000,58255.89000000,58255.89000000,58255.89000000,0E-8,1725180719999,0E-8,0,0E-8,0E-8
1725180720000,58255.89000000,58255.89000000,58255.89000000,58255.89000000,0E-8,1725180779999,0E-8,0,0E-8,0E-8
1725180780000,58255.89000000,58255.89000000,58255.89000000,58255.89000000,0E-8,1725180839999,0E-8,0,0E-8,0E-8
1725180840000,58254.83000000,58254.83000000,58254.83000000,58254.83000000,0.00342000,1725180899999,199.23151860,1,0.00342000,199.23151860
1725180900000,58254.83000000,58254.83000000,58254.83000000,58254.83000000,0E-8,1725180959999,0E-8,0,0E-8,0E-8
1725180960000,58254.54000000,58254.54000000,58254.54000000,58254.54000000,0.00002000,1725181019999,1.16509080,1,0.00002000,1.16509080
1725181020000,58254.54000000,58254.54000000,58254.54000000,58254.54000000,0E-8,1725181079999,0E-8,0,0E-8,0E-8
1725181080000,58254.54000000,58254.54000000,58254.54000000,58254.54000000,0E-8,1725181139999,0E-8,0,0E-8,0E-8
1725181140000,58254.54000000,58254.54000000,58254.54000000,58254.54000000,0E-8,1725181199999,0E-8,0,0E-8,0E-8
1725181200000,58253.98000000,58253.98000000,58253.98000000,58253.98000000,0.00003000,1725181259999,1.74761940,1,0.00003000,1.74761940
1725181260000,58253.98000000,58253.98000000,58253.98000000,58253.98000000,0E-8,1725181319999,0E-8,0,0E-8,0E-8
1725181320000,58253.98000000,58253.98000000,58253.98000000,58253.98000000,0E-8,1725181379999,0E-8,0,0E-8,0E-8
1725181380000,58213.38000000,58213.38000000,58213.38000000,58213.38000000,0.00002000,1725181439999,1.16426760,1,0E-8,0E-8
1725181440000,58190.77000000,58190.77000000,58190.77000000,58190.77000000,0.01298000,1725181499999,755.31619460,1,0E-8,0E-8
1725181500000,58143.01000000,58156.43000000,58143.01000000,58156.43000000,0.00153000,1725181559999,88.96296550,2,0.00031000,18.02849330
1725181560000,58197.77000000,58197.77000000,58197.77000000,58197.77000000,0.00002000,1725181619999,1.16395540,1,0.00002000,1.16395540
1725181620000,58197.60000000,58197.60000000,58197.60000000,58197.60000000,0.00045000,1725181679999,26.18892000,1,0.00045000,26.18892000
1725181680000,58197.60000000,58197.60000000,58197.60000000,58197.60000000,0E-8,1725181739999,0E-8,0,0E-8,0E-8
1725181740000,58196.70000000,58196.71000000,58196.01000000,58196.71000000,0.00103000,1725181799999,59.94259230,3,0.00103000,59.94259230
1725181800000,58196.68000000,58196.68000000,58196.68000000,58196.68000000,0.00004000,1725181859999,2.32786720,1,0.00004000,2.32786720
1725181860000,58196.65000000,58196.65000000,58196.65000000,58196.65000000,0.00003000,1725181919999,1.74589950,1,0.00003000,1.74589950
1725181920000,58160.84000000,58160.84000000,58160.12000000,58160.12000000,0.00375000,1725181979999,218.10047880,3,0E-8,0E-8
1725181980000,58160.12000000,58160.12000000,58160.12000000,58160.12000000,0E-8,1725182039999,0E-8,0,0E-8,0E-8
1725182040000,58160.12000000,58160.12000000,58160.12000000,58160.12000000,0E-8,1725182099999,0E-8,0,0E-8,0E-8
1725182100000,58195.50000000,58195.50000000,58195.50000000,58195.50000000,0.00002000,1725182159999,1.16391000,1,0.00002000,1.16391000
1725182160000,58208.01000000,58208.01000000,58174.21000000,58174.21000000,0.00346000,1725182219999,201.28396800,4,0.00002000,1.16416020
1725182220000,58174.21000000,58174.21000000,58174.21000000,58174.21000000,0E-8,1725182279999,0E-8,0,0E-8,0E-8
1725182280000,58259.18000000,58259.18000000,58259.18000000,58259.18000000,0.00189000,1725182339999,110.10985020,2,0.00189000,110.10985020
1725182340000,58259.18000000,58259.18000000,58259.18000000,58259.18000000,0E-8,1725182399999,0E-8,0,0E-8,0E-8
1725182400000,58264.19000000,58264.90000000,58264.19000000,58264.90000000,0.00006000,1725182459999,3.49587980,2,0.00006000,3.49587980
1725182460000,58264.90000000,58264.90000000,58264.90000000,58264.90000000,0E-8,1725182519999,0E-8,0,0E-8,0E-8
1725182520000,58264.90000000,58264.90000000,58264.90000000,58264.90000000,0E-8,1725182579999,0E-8,0,0E-8,0E-8
1725182580000,58264.90000000,58264.90000000,58264.90000000,58264.90000000,0E-8,1725182639999,0E-8,0,0E-8,0E-8
1725182640000,58264.90000000,58264.90000000,58264.90000000,58264.90000000,0E-8,1725182699999,0E-8,0,0E-8,0E-8
1725182700000,58248.07000000,58248.07000000,58248.07000000,58248.07000000,0.00002000,1725182759999,1.16496140,1,0E-8,0E-8
1725182760000,58248.07000000,58248.07000000,58248.07000000,58248.07000000,0E-8,1725182819999,0E-8,0,0E-8,0E-8
1725182820000,58248.07000000,58248.07000000,58248.07000000,58248.07000000,0E-8,1725182879999,0E-8,0,0E-8,0E-8
1725182880000,58248.07000000,58248.07000000,58248.07000000,58248.07000000,0E-8,1725182939999,0E-8,0,0E-8,0E-8
1725182940000,58248.07000000,58248.07000000,58248.07000000,58248.07000000,0E-8,1725182999999,0E-8,0,0E-8,0E-8
1725183000000,58289.18000000,58289.18000000,58289.18000000,58289.18000000,0.00857000,1725183059999,499.53827260,1,0.00857000,499.53827260
1725183060000,58289.18000000,58289.18000000,58289.18000000,58289.18000000,0E-8,1725183119999,0E-8,0,0E-8,0E-8
1725183120000,58289.18000000,58289.18000000,58289.18000000,58289.18000000,0E-8,1725183179999,0E-8,0,0E-8,0E-8
1725183180000,58289.18000000,58289.18000000,58289.18000000,58289.18000000,0E-8,1725183239999,0E-8,0,0E-8,0E-8
1725183240000,58289.18000000,58289.18000000,58289.18000000,58289.18000000,0E-8,1725183299999,0E-8,0,0E-8,0E-8
1725183300000,58289.18000000,58289.18000000,58289.18000000,58289.18000000,0E-8,1725183359999,0E-8,0,0E-8,0E-8
1725183360000,58357.31000000,58357.31000000,58357.31000000,58357.31000000,0.00002000,1725183419999,1.16714620,1,0.00002000,1.16714620
1725183420000,58357.31000000,58357.31000000,58357.31000000,58357.31000000,0E-8,1725183479999,0E-8,0,0E-8,0E-8
1725183480000,58357.31000000,58357.31000000,58357.31000000,58357.31000000,0E-8,1725183539999,0E-8,0,0E-8,0E-8
1725183540000,58357.31000000,58357.31000000,58357.31000000,58357.31000000,0E-8,1725183599999,0E-8,0,0E-8,0E-8
1725183600000,58357.31000000,58357.31000000,58357.31000000,58357.31000000,0E-8,1725183659999,0E-8,0,0E-8,0E-8
1725183660000,58357.31000000,58357.31000000,58357.31000000,58357.31000000,0E-8,1725183719999,0E-8,0,0E-8,0E-8
1725183720000,58357.31000000,58357.31000000,58357.31000000,58357.31000000,0E-8,1725183779999,0E-8,0,0E-8,0E-8
1725183780000,58336.60000000,58336.60000000,58295.26000000,58295.26000000,0.00039000,1725183839999,22.73597820,2,0E-8,0E-8
1725183840000,58295.26000000,58295.26000000,58295.26000000,58295.26000000,0E-8,1725183899999,0E-8,0,0E-8,0E-8
1725183900000,58295.26000000,58295.26000000,58295.26000000,58295.26000000,0E-8,1725183959999,0E-8,0,0E-8,0E-8
1725183960000,58335.92000000,58338.67000000,58335.92000000,58338.67000000,0.00007000,1725184019999,4.08365190,2,0.00007000,4.08365190
1725184020000,58291.22000000,58291.22000000,58291.22000000,58291.22000000,0.00002000,1725184079999,1.16582440,1,0E-8,0E-8
1725184080000,58325.95000000,58325.95000000,58241.78000000,58241.78000000,0.51905000,1725184139999,30274.07898940,4,0.51898000,30270.00153100
1725184140000,58241.78000000,58241.78000000,58241.78000000,58241.78000000,0E-8,1725184199999,0E-8,0,0E-8,0E-8
1725184200000,58228.33000000,58228.33000000,58228.33000000,58228.33000000,0.00002000,1725184259999,1.16456660,1,0E-8,0E-8
1725184260000,58198.78000000,58198.78000000,58198.28000000,58198.28000000,0.00079000,1725184319999,45.97684620,2,0E-8,0E-8
1725184320000,58198.28000000,58198.28000000,58198.28000000,58198.28000000,0E-8,1725184379999,0E-8,0,0E-8,0E-8
1725184380000,58234.36000000,58234.36000000,58234.36000000,58234.36000000,0.00002000,1725184439999,1.16468720,1,0.00002000,1.16468720
1725184440000,58234.36000000,58234.36000000,58234.36000000,58234.36000000,0E-8,1725184499999,0E-8,0,0E-8,0E-8
1725184500000,58234.36000000,58234.36000000,58234.36000000,58234.36000000,0E-8,1725184559999,0E-8,0,0E-8,0E-8
1725184560000,58250.80000000,58250.80000000,58238.64000000,58238.64000000,0.00005000,1725184619999,2.91229680,2,0.00003000,1.74752400
1725184620000,58246.02000000,58246.02000000,58196.71000000,58196.71000000,0.00282000,1725184679999,164.11570840,2,0.00002000,1.16492040
1725184680000,58196.71000000,58196.71000000,58196.71000000,58196.71000000,0E-8,1725184739999,0E-8,0,0E-8,0E-8
1725184740000,58196.71000000,58196.71000000,58196.71000000,58196.71000000,0E-8,1725184799999,0E-8,0,0E-8,0E-8
1725184800000,58197.36000000,58197.36000000,58197.36000000,58197.36000000,0.00002000,1725184859999,1.16394720,1,0.00002000,1.16394720
1725184860000,58197.36000000,58197.36000000,58197.36000000,58197.36000000,0E-8,1725184919999,0E-8,0,0E-8,0E-8
1725184920000,58197.36000000,58197.36000000,58197.36000000,58197.36000000,0E-8,1725184979999,0E-8,0,0E-8,0E-8
1725184980000,58223.01000000,58223.01000000,58223.01000000,58223.01000000,0.00043000,1725185039999,25.03589430,1,0.00043000,25.03589430
1725185040000,58196.99000000,58196.99000000,58186.70000000,58186.70000000,0.02250000,1725185099999,1309.20095580,2,0E-8,0E-8
1725185100000,58186.70000000,58222.37000000,58186.70000000,58187.40000000,0.01762000,1725185159999,1025.25250960,7,0.00008000,4.65776360
1725185160000,58187.40000000,58187.40000000,58187.40000000,58187.40000000,0E-8,1725185219999,0E-8,0,0E-8,0E-8
1725185220000,58124.82000000,58181.75000000,58124.82000000,58181.75000000,0.00359000,1725185279999,208.67607400,2,0.00014000,8.14544500
1725185280000,58114.64000000,58133.22000000,58094.53000000,58094.53000000,0.00323000,1725185339999,187.72074120,6,0.00143000,83.13049820
1725185340000,58075.06000000,58097.89000000,58027.04000000,58063.73000000,0.00308000,1725185399999,178.79301740,8,0.00135000,78.40431740
1725185400000,58064.43000000,58064.43000000,58064.43000000,58064.43000000,0.00002000,1725185459999,1.16128860,1,0E-8,0E-8
1725185460000,58064.43000000,58064.43000000,58064.43000000,58064.43000000,0E-8,1725185519999,0E-8,0,0E-8,0E-8
1725185520000,58064.43000000,58064.43000000,58064.43000000,58064.43000000,0E-8,1725185579999,0E-8,0,0E-8,0E-8
1725185580000,58083.87000000,58083.87000000,58067.29000000,58083.03000000,0.00188000,1725185639999,109.19705840,3,0.00186000,108.03571260
1725185640000,58083.03000000,58083.03000000,58083.03000000,58083.03000000,0E-8,1725185699999,0E-8,0,0E-8,0E-8
1725185700000,58027.04000000,58060.13000000,58022.08000000,58052.53000000,0.00452000,1725185759999,262.39891000,5,0.00372000,215.97980760
1725185760000,58052.02000000,58052.02000000,58052.02000000,58052.02000000,0.00002000,1725185819999,1.16104040,1,0.00002000,1.16104040
1725185820000,58051.41000000,58052.44000000,58051.41000000,58052.44000000,0.00008000,1725185879999,4.64417460,2,0.00008000,4.64417460
1725185880000,58052.44000000,58052.44000000,58052.44000000,58052.44000000,0E-8,1725185939999,0E-8,0,0E-8,0E-8
1725185940000,58035.92000000,58035.92000000,58035.92000000,58035.92000000,0.00045000,1725185999999,26.11616400,1,0E-8,0E-8
1725186000000,58060.78000000,58083.11000000,58060.78000000,58083.11000000,0.00008000,1725186059999,4.64620220,2,0.00008000,4.64620220
1725186060000,58050.83000000,58050.83000000,58050.83000000,58050.83000000,0.00004000,1725186119999,2.32203320,2,0E-8,0E-8
1725186120000,58050.83000000,58050.83000000,58050.83000000,58050.83000000,0E-8,1725186179999,0E-8,0,0E-8,0E-8
1725186180000,58050.83000000,58050.83000000,58050.83000000,58050.83000000,0E-8,1725186239999,0E-8,0,0E-8,0E-8
1725186240000,57995.95000000,58038.29000000,57995.95000000,58005.84000000,0.00529000,1725186299999,306.95668310,5,0.00516000,299.41720960
1725186300000,57992.57000000,57992.57000000,57991.77000000,57991.77000000,0.00102000,1725186359999,59.15225340,2,0.00102000,59.15225340
1725186360000,57991.77000000,57991.77000000,57991.77000000,57991.77000000,0E-8,1725186419999,0E-8,0,0E-8,0E-8
1725186420000,57991.50000000,57991.50000000,57991.50000000,57991.50000000,0.00002000,1725186479999,1.15983000,1,0.00002000,1.15983000
1725186480000,58021.42000000,58021.42000000,58021.42000000,58021.42000000,0.00002000,1725186539999,1.16042840,1,0.00002000,1.16042840
1725186540000,58021.42000000,58021.42000000,58021.42000000,58021.42000000,0E-8,1725186599999,0E-8,0,0E-8,0E-8
1725186600000,58003.10000000,58003.10000000,57998.79000000,57998.79000000,0.00006000,1725186659999,3.48002720,3,0.00002000,1.15997580
1725186660000,57998.79000000,57998.79000000,57998.79000000,57998.79000000,0E-8,1725186719999,0E-8,0,0E-8,0E-8
1725186720000,57998.79000000,57998.79000000,57998.79000000,57998.79000000,0E-8,1725186779999,0E-8,0,0E-8,0E-8
1725186780000,57998.10000000,58034.79000000,57993.91000000,58002.38000000,0.00020000,1725186839999,11.60403900,5,0.00016000,9.28411320
1725186840000,58002.38000000,58002.38000000,58002.38000000,58002.38000000,0E-8,1725186899999,0E-8,0,0E-8,0E-8
1725186900000,58002.38000000,58002.38000000,58002.38000000,58002.38000000,0E-8,1725186959999,0E-8,0,0E-8,0E-8
1725186960000,57978.90000000,57989.63000000,57978.90000000,57989.63000000,0.00174000,1725187019999,100.88532470,2,0.00019000,11.01802970
1725187020000,57989.63000000,57989.63000000,57989.63000000,57989.63000000,0E-8,1725187079999,0E-8,0,0E-8,0E-8
1725187080000,57989.63000000,57989.63000000,57989.63000000,57989.63000000,0E-8,1725187139999,0E-8,0,0E-8,0E-8
1725187140000,57989.63000000,57989.63000000,57989.63000000,57989.63000000,0E-8,1725187199999,0E-8,0,0E-8,0E-8
1725187200000,57989.63000000,57989.63000000,57989.63000000,57989.63000000,0E-8,1725187259999,0E-8,0,0E-8,0E-8
1725187260000,57989.63000000,57989.63000000,57989.63000000,57989.63000000,0E-8,1725187319999,0E-8,0,0E-8,0E-8
1725187320000,57990.92000000,58013.21000000,57990.92000000,58013.21000000,0.00004000,1725187379999,2.32008260,2,0.00004000,2.32008260
1725187380000,58058.34000000,58058.34000000,58058.34000000,58058.34000000,0.00065000,1725187439999,37.73792100,2,0.00053000,30.77092020
1725187440000,58058.34000000,58058.34000000,58058.34000000,58058.34000000,0E-8,1725187499999,0E-8,0,0E-8,0E-8
1725187500000,58057.68000000,58057.68000000,58057.68000000,58057.68000000,0.00171000,1725187559999,99.27863280,1,0.00171000,99.27863280
1725187560000,58082.13000000,58082.13000000,58082.13000000,58082.13000000,0.00002000,1725187619999,1.16164260,1,0.00002000,1.16164260
1725187620000,58061.92000000,58061.92000000,58061.92000000,58061.92000000,0.00002000,1725187679999,1.16123840,1,0E-8,0E-8
1725187680000,58033.44000000,58033.44000000,58032.44000000,58032.44000000,0.00003000,1725187739999,1.74099320,2,0E-8,0E-8
1725187740000,58032.44000000,58032.44000000,58032.44000000,58032.44000000,0E-8,1725187799999,0E-8,0,0E-8,0E-8
1725187800000,58032.44000000,58032.44000000,58032.44000000,58032.44000000,0E-8,1725187859999,0E-8,0,0E-8,0E-8
1725187860000,58028.05000000,58030.45000000,58028.05000000,58030.45000000,0.00004000,1725187919999,2.32117000,2,0.00002000,1.16060900
1725187920000,58030.45000000,58030.45000000,58030.45000000,58030.45000000,0E-8,1725187979999,0E-8,0,0E-8,0E-8
1725187980000,58080.55000000,58080.55000000,58080.55000000,58080.55000000,0.00048000,1725188039999,27.87866400,1,0.00048000,27.87866400
1725188040000,58080.55000000,58080.55000000,58080.55000000,58080.55000000,0E-8,1725188099999,0E-8,0,0E-8,0E-8
1725188100000,58080.40000000,58080.40000000,58018.70000000,58018.70000000,0.14539000,1725188159999,8435.34623000,5,0.00011000,6.38884400
1725188160000,58010.25000000,58010.25000000,58010.25000000,58010.25000000,0.00002000,1725188219999,1.16020500,1,0E-8,0E-8
1725188220000,58002.38000000,58002.38000000,58002.38000000,58002.38000000,0.00080000,1725188279999,46.40190400,1,0E-8,0E-8
1725188280000,57933.82000000,58000.74000000,57907.62000000,57907.62000000,0.00207000,1725188339999,119.91038380,8,0.00025000,14.49798300
1725188340000,57970.56000000,57971.26000000,57914.70000000,57969.48000000,0.00303000,1725188399999,175.54519280,6,0.00116000,67.24468960
1725188400000,57964.89000000,57964.89000000,57964.08000000,57964.08000000,0.00052000,1725188459999,30.14150040,3,0.00052000,30.14150040
1725188460000,57907.62000000,57946.26000000,57856.65000000,57915.62000000,0.01017000,1725188519999,588.53227430,13,0.00139000,80.52728000
1725188520000,57915.62000000,57915.62000000,57915.62000000,57915.62000000,0E-8,1725188579999,0E-8,0,0E-8,0E-8
1725188580000,57915.62000000,57915.62000000,57915.62000000,57915.62000000,0E-8,1725188639999,0E-8,0,0E-8,0E-8
1725188640000,57995.95000000,57995.95000000,57995.95000000,57995.95000000,0.00172000,1725188699999,99.75303400,2,0.00172000,99.75303400
1725188700000,58003.55000000,58003.55000000,58003.55000000,58003.55000000,0.00005000,1725188759999,2.90017750,1,0.00005000,2.90017750
1725188760000,57988.19000000,57988.19000000,57988.13000000,57988.13000000,0.00004000,1725188819999,2.31952640,2,0.00004000,2.31952640
1725188820000,57988.13000000,57988.13000000,57988.13000000,57988.13000000,0E-8,1725188879999,0E-8,0,0E-8,0E-8
1725188880000,57975.77000000,57975.77000000,57975.77000000,57975.77000000,0.00003000,1725188939999,1.73927310,1,0E-8,0E-8
1725188940000,57976.00000000,57976.00000000,57976.00000000,57976.00000000,0.00003000,1725188999999,1.73928000,1,0E-8,0E-8
1725189000000,57985.41000000,57985.41000000,57984.11000000,57984.11000000,0.00042000,1725189059999,24.35337820,2,0E-8,0E-8
1725189060000,57984.11000000,57984.11000000,57984.11000000,57984.11000000,0E-8,1725189119999,0E-8,0,0E-8,0E-8
1725189120000,57957.33000000,57957.33000000,57957.32000000,57957.33000000,0.00151000,1725189179999,87.51556230,7,0E-8,0E-8
1725189180000,57957.33000000,57957.33000000,57957.33000000,57957.33000000,0E-8,1725189239999,0E-8,0,0E-8,0E-8
1725189240000,58015.56000000,58015.56000000,58015.56000000,58015.56000000,0.00052000,1725189299999,30.16809120,1,0.00052000,30.16809120
1725189300000,57991.76000000,57991.76000000,57959.89000000,57959.89000000,0.00005000,1725189359999,2.89863190,2,0E-8,0E-8
1725189360000,57959.89000000,57959.89000000,57959.89000000,57959.89000000,0E-8,1725189419999,0E-8,0,0E-8,0E-8
1725189420000,57959.89000000,57959.89000000,57959.89000000,57959.89000000,0E-8,1725189479999,0E-8,0,0E-8,0E-8
1725189480000,57959.89000000,57959.89000000,57959.89000000,57959.89000000,0E-8,1725189539999,0E-8,0,0E-8,0E-8
1725189540000,58009.76000000,58010.47000000,57961.51000000,57961.51000000,0.00187000,1725189599999,108.47222070,4,0.00172000,99.77799420
1725189600000,57931.29000000,57931.29000000,57931.29000000,57931.29000000,0.00002000,1725189659999,1.15862580,1,0E-8,0E-8
1725189660000,57931.29000000,57931.29000000,57931.29000000,57931.29000000,0E-8,1725189719999,0E-8,0,0E-8,0E-8
1725189720000,57931.29000000,57931.29000000,57931.29000000,57931.29000000,0E-8,1725189779999,0E-8,0,0E-8,0E-8
1725189780000,57931.29000000,57931.29000000,57931.29000000,57931.29000000,0E-8,1725189839999,0E-8,0,0E-8,0E-8
1725189840000,57934.84000000,57934.84000000,57934.84000000,57934.84000000,0.00002000,1725189899999,1.15869680,1,0.00002000,1.15869680
1725189900000,57973.08000000,57973.08000000,57973.08000000,57973.08000000,0.00003000,1725189959999,1.73919240,1,0E-8,0E-8
1725189960000,57975.61000000,57975.61000000,57975.61000000,57975.61000000,0.00019000,1725190019999,11.01536590,1,0E-8,0E-8
1725190020000,57975.61000000,57975.61000000,57975.61000000,57975.61000000,0E-8,1725190079999,0E-8,0,0E-8,0E-8
1725190080000,58033.23000000,58033.23000000,58033.23000000,58033.23000000,0.00002000,1725190139999,1.16066460,1,0.00002000,1.16066460
1725190140000,58033.23000000,58033.23000000,58033.23000000,58033.23000000,0E-8,1725190199999,0E-8,0,0E-8,0E-8
1725190200000,58031.18000000,58031.18000000,58017.58000000,58026.90000000,0.00018000,1725190259999,10.44383500,4,0.00002000,1.16053800
1725190260000,58065.77000000,58066.48000000,58065.77000000,58066.48000000,0.00014000,1725190319999,8.12929300,2,0.00014000,8.12929300
1725190320000,58066.48000000,58066.48000000,58066.48000000,58066.48000000,0E-8,1725190379999,0E-8,0,0E-8,0E-8
1725190380000,58083.49000000,58083.49000000,58070.05000000,58070.05000000,0.00022000,1725190439999,12.77809900,2,0.00020000,11.61669800
1725190440000,58030.38000000,58030.38000000,58030.38000000,58030.38000000,0.00002000,1725190499999,1.16060760,1,0E-8,0E-8
1725190500000,58046.56000000,58046.56000000,58046.56000000,58046.56000000,0.00002000,1725190559999,1.16093120,1,0.00002000,1.16093120
1725190560000,58046.56000000,58046.56000000,58046.56000000,58046.56000000,0E-8,1725190619999,0E-8,0,0E-8,0E-8
1725190620000,58046.56000000,58046.56000000,58046.56000000,58046.56000000,0E-8,1725190679999,0E-8,0,0E-8,0E-8
1725190680000,58046.56000000,58046.56000000,58046.56000000,58046.56000000,0E-8,1725190739999,0E-8,0,0E-8,0E-8
1725190740000,58046.56000000,58046.56000000,58046.56000000,58046.56000000,0E-8,1725190799999,0E-8,0,0E-8,0E-8
1725190800000,58047.60000000,58047.60000000,58047.60000000,58047.60000000,0.00006000,1725190859999,3.48285600,1,0.00006000,3.48285600
1725190860000,58047.60000000,58047.60000000,58047.60000000,58047.60000000,0E-8,1725190919999,0E-8,0,0E-8,0E-8
1725190920000,58047.60000000,58047.60000000,58047.60000000,58047.60000000,0E-8,1725190979999,0E-8,0,0E-8,0E-8
1725190980000,58047.60000000,58047.60000000,58047.60000000,58047.60000000,0E-8,1725191039999,0E-8,0,0E-8,0E-8
1725191040000,58011.38000000,58064.47000000,58011.38000000,58064.47000000,0.00283000,1725191099999,164.17326720,2,0.00002000,1.16128940
1725191100000,58064.47000000,58064.47000000,58064.47000000,58064.47000000,0E-8,1725191159999,0E-8,0,0E-8,0E-8
1725191160000,58011.40000000,58011.40000000,58011.40000000,58011.40000000,0.01722000,1725191219999,998.95630800,1,0E-8,0E-8
1725191220000,58011.40000000,58011.40000000,58011.40000000,58011.40000000,0E-8,1725191279999,0E-8,0,0E-8,0E-8
1725191280000,58011.40000000,58011.40000000,58011.40000000,58011.40000000,0E-8,1725191339999,0E-8,0,0E-8,0E-8
1725191340000,58011.40000000,58011.40000000,58011.40000000,58011.40000000,0E-8,1725191399999,0E-8,0,0E-8,0E-8
1725191400000,58056.98000000,58056.98000000,58056.98000000,58056.98000000,0.00007000,1725191459999,4.06398860,1,0.00007000,4.06398860
1725191460000,58056.98000000,58056.98000000,58056.98000000,58056.98000000,0.00002000,1725191519999,1.16113960,1,0.00002000,1.16113960
1725191520000,58056.98000000,58056.98000000,58056.98000000,58056.98000000,0E-8,1725191579999,0E-8,0,0E-8,0E-8
1725191580000,58056.98000000,58056.98000000,58056.98000000,58056.98000000,0E-8,1725191639999,0E-8,0,0E-8,0E-8
1725191640000,58066.82000000,58099.09000000,58066.82000000,58099.09000000,0.00059000,1725191699999,34.27781770,2,0.00059000,34.27781770
1725191700000,58123.56000000,58186.05000000,58123.56000000,58158.16000000,0.00975000,1725191759999,567.30593090,3,0.00973000,566.14276770
1725191760000,58149.55000000,58153.88000000,58149.55000000,58153.88000000,0.00108000,1725191819999,62.80160060,2,0.00002000,1.16307760
1725191820000,58156.71000000,58156.71000000,58156.71000000,58156.71000000,0.00075000,1725191879999,43.61753250,1,0E-8,0E-8
1725191880000,58178.13000000,58178.13000000,58178.13000000,58178.13000000,0.00021000,1725191939999,12.21740730,1,0E-8,0E-8
1725191940000,58214.70000000,58214.70000000,58214.70000000,58214.70000000,0.00025000,1725191999999,14.55367500,1,0.00025000,14.55367500
1725192000000,58193.22000000,58273.41000000,58193.22000000,58273.41000000,0.00441000,1725192059999,256.80855860,12,0.00143000,83.31048960
1725192060000,58253.65000000,58256.10000000,58253.65000000,58256.10000000,0.00014000,1725192119999,8.15568050,3,0E-8,0E-8
1725192120000,58255.75000000,58255.75000000,58255.75000000,58255.75000000,0.00002000,1725192179999,1.16511500,1,0E-8,0E-8
1725192180000,58255.75000000,58255.75000000,58255.75000000,58255.75000000,0E-8,1725192239999,0E-8,0,0E-8,0E-8
1725192240000,58255.75000000,58255.75000000,58255.75000000,58255.75000000,0E-8,1725192299999,0E-8,0,0E-8,0E-8
1725192300000,58171.94000000,58171.94000000,58171.94000000,58171.94000000,0.00004000,1725192359999,2.32687760,1,0E-8,0E-8
1725192360000,58171.94000000,58171.94000000,58171.94000000,58171.94000000,0E-8,1725192419999,0E-8,0,0E-8,0E-8
1725192420000,58251.47000000,58255.75000000,58251.47000000,58255.75000000,0.00026000,1725192479999,15.14640940,2,0.00026000,15.14640940
1725192480000,58232.95000000,58232.95000000,58232.95000000,58232.95000000,0.00002000,1725192539999,1.16465900,1,0E-8,0E-8
1725192540000,58232.95000000,58232.95000000,58232.95000000,58232.95000000,0E-8,1725192599999,0E-8,0,0E-8,0E-8
1725192600000,58232.95000000,58232.95000000,58232.95000000,58232.95000000,0E-8,1725192659999,0E-8,0,0E-8,0E-8
1725192660000,58232.95000000,58232.95000000,58232.95000000,58232.95000000,0E-8,1725192719999,0E-8,0,0E-8,0E-8
1725192720000,58232.95000000,58232.95000000,58232.95000000,58232.95000000,0E-8,1725192779999,0E-8,0,0E-8,0E-8
1725192780000,58232.95000000,58232.95000000,58232.95000000,58232.95000000,0E-8,1725192839999,0E-8,0,0E-8,0E-8
1725192840000,58252.14000000,58252.14000000,58252.14000000,58252.14000000,0.00005000,1725192899999,2.91260700,1,0.00005000,2.91260700
1725192900000,58252.14000000,58252.14000000,58252.14000000,58252.14000000,0E-8,1725192959999,0E-8,0,0E-8,0E-8
1725192960000,58185.37000000,58185.37000000,58185.37000000,58185.37000000,0.00269000,1725193019999,156.51864530,1,0E-8,0E-8
1725193020000,58185.37000000,58185.37000000,58185.37000000,58185.37000000,0E-8,1725193079999,0E-8,0,0E-8,0E-8
1725193080000,58185.37000000,58185.37000000,58185.37000000,58185.37000000,0E-8,1725193139999,0E-8,0,0E-8,0E-8
1725193140000,58185.37000000,58185.37000000,58185.37000000,58185.37000000,0E-8,1725193199999,0E-8,0,0E-8,0E-8
1725193200000,58167.16000000,58167.16000000,58167.16000000,58167.16000000,0.00003000,1725193259999,1.74501480,1,0E-8,0E-8
1725193260000,58167.16000000,58167.16000000,58167.16000000,58167.16000000,0E-8,1725193319999,0E-8,0,0E-8,0E-8
1725193320000,58167.16000000,58167.16000000,58167.16000000,58167.16000000,0E-8,1725193379999,0E-8,0,0E-8,0E-8
1725193380000,58138.06000000,58138.06000000,58138.06000000,58138.06000000,0.00002000,1725193439999,1.16276120,1,0E-8,0E-8
1725193440000,58138.06000000,58138.06000000,58138.06000000,58138.06000000,0E-8,1725193499999,0E-8,0,0E-8,0E-8
1725193500000,58123.56000000,58123.56000000,58037.58000000,58037.58000000,0.05469000,1725193559999,3175.18820850,4,0E-8,0E-8
1725193560000,58037.58000000,58037.58000000,58037.58000000,58037.58000000,0E-8,1725193619999,0E-8,0,0E-8,0E-8
1725193620000,58037.58000000,58037.58000000,58037.58000000,58037.58000000,0E-8,1725193679999,0E-8,0,0E-8,0E-8
1725193680000,58098.13000000,58124.21000000,58098.13000000,58124.21000000,0.00012000,1725193739999,6.97438360,2,0.00012000,6.97438360
1725193740000,58124.21000000,58124.21000000,58124.21000000,58124.21000000,0E-8,1725193799999,0E-8,0,0E-8,0E-8
1725193800000,58115.75000000,58115.75000000,58115.75000000,58115.75000000,0.00004000,1725193859999,2.32463000,1,0.00004000,2.32463000
1725193860000,58130.02000000,58130.02000000,58130.02000000,58130.02000000,0.00003000,1725193919999,1.74390060,1,0.00003000,1.74390060
1725193920000,58130.05000000,58130.05000000,58130.05000000,58130.05000000,0.00002000,1725193979999,1.16260100,1,0.00002000,1.16260100
1725193980000,58152.11000000,58152.11000000,58152.11000000,58152.11000000,0.00002000,1725194039999,1.16304220,1,0.00002000,1.16304220
1725194040000,58115.75000000,58115.75000000,58102.70000000,58102.70000000,0.00277000,1725194099999,160.98036650,2,0E-8,0E-8
1725194100000,58098.85000000,58107.49000000,58098.85000000,58107.49000000,0.01998000,1725194159999,1160.81692460,4,0.01998000,1160.81692460
1725194160000,58107.49000000,58107.49000000,58107.48000000,58107.48000000,0.00046000,1725194219999,26.72944300,2,0.00046000,26.72944300
1725194220000,58110.94000000,58110.94000000,58110.94000000,58110.94000000,0.00002000,1725194279999,1.16221880,1,0.00002000,1.16221880
1725194280000,58110.94000000,58110.94000000,58110.94000000,58110.94000000,0E-8,1725194339999,0E-8,0,0E-8,0E-8
1725194340000,58062.51000000,58062.51000000,58062.51000000,58062.51000000,0.00230000,1725194399999,133.54377300,1,0E-8,0E-8
1725194400000,58062.51000000,58062.51000000,58062.51000000,58062.51000000,0E-8,1725194459999,0E-8,0,0E-8,0E-8
1725194460000,58062.51000000,58062.51000000,58062.51000000,58062.51000000,0E-8,1725194519999,0E-8,0,0E-8,0E-8
1725194520000,58025.22000000,58025.22000000,57995.95000000,57995.95000000,0.02223000,1725194579999,1289.72680180,5,0E-8,0E-8
1725194580000,57988.97000000,57988.97000000,57988.97000000,57988.97000000,0.00129000,1725194639999,74.80577130,1,0.00129000,74.80577130
1725194640000,57987.85000000,57987.85000000,57987.85000000,57987.85000000,0.00013000,1725194699999,7.53842050,1,0.00013000,7.53842050
1725194700000,57987.85000000,57987.85000000,57987.85000000,57987.85000000,0E-8,1725194759999,0E-8,0,0E-8,0E-8
1725194760000,57987.18000000,57987.18000000,57987.18000000,57987.18000000,0.00002000,1725194819999,1.15974360,1,0.00002000,1.15974360
1725194820000,57987.18000000,57987.18000000,57987.18000000,57987.18000000,0E-8,1725194879999,0E-8,0,0E-8,0E-8
1725194880000,57987.18000000,57987.18000000,57987.18000000,57987.18000000,0E-8,1725194939999,0E-8,0,0E-8,0E-8
1725194940000,58014.96000000,58014.96000000,57991.46000000,57991.46000000,0.00004000,1725194999999,2.32012840,2,0.00002000,1.16029920
1725195000000,57987.92000000,57987.92000000,57987.92000000,57987.92000000,0.00019000,1725195059999,11.01770480,1,0.00019000,11.01770480
1725195060000,57987.13000000,57987.13000000,57987.13000000,57987.13000000,0.00008000,1725195119999,4.63897040,1,0.00008000,4.63897040
1725195120000,57987.13000000,57987.13000000,57987.13000000,57987.13000000,0E-8,1725195179999,0E-8,0,0E-8,0E-8
1725195180000,57945.34000000,57945.34000000,57945.34000000,57945.34000000,0.00017000,1725195239999,9.85070780,1,0E-8,0E-8
1725195240000,57945.34000000,57945.34000000,57945.34000000,57945.34000000,0E-8,1725195299999,0E-8,0,0E-8,0E-8
1725195300000,57985.76000000,57997.92000000,57985.76000000,57997.92000000,0.00017000,1725195359999,9.85940320,2,0.00017000,9.85940320
1725195360000,57997.92000000,57997.92000000,57997.92000000,57997.92000000,0E-8,1725195419999,0E-8,0,0E-8,0E-8
1725195420000,57997.92000000,57997.92000000,57997.92000000,57997.92000000,0E-8,1725195479999,0E-8,0,0E-8,0E-8
1725195480000,57997.92000000,57997.92000000,57997.92000000,57997.92000000,0E-8,1725195539999,0E-8,0,0E-8,0E-8
1725195540000,57997.92000000,57997.92000000,57997.92000000,57997.92000000,0E-8,1725195599999,0E-8,0,0E-8,0E-8
1725195600000,57997.92000000,57997.92000000,57997.92000000,57997.92000000,0E-8,1725195659999,0E-8,0,0E-8,0E-8
1725195660000,58032.33000000,58032.33000000,58032.33000000,58032.33000000,0.00002000,1725195719999,1.16064660,1,0.00002000,1.16064660
1725195720000,58032.33000000,58032.33000000,58032.33000000,58032.33000000,0E-8,1725195779999,0E-8,0,0E-8,0E-8
1725195780000,58032.33000000,58032.33000000,58032.33000000,58032.33000000,0E-8,1725195839999,0E-8,0,0E-8,0E-8
1725195840000,58048.10000000,58048.10000000,58048.10000000,58048.10000000,0.00077000,1725195899999,44.69703700,1,0E-8,0E-8
1725195900000,58100.76000000,58100.95000000,58100.76000000,58100.95000000,0.00048000,1725195959999,27.88844370,3,0.00048000,27.88844370
1725195960000,58105.50000000,58105.50000000,58059.98000000,58059.98000000,0.00252000,1725196019999,146.38352600,3,0.00159000,92.38774460
1725196020000,58059.98000000,58059.98000000,58059.98000000,58059.98000000,0E-8,1725196079999,0E-8,0,0E-8,0E-8
1725196080000,58055.83000000,58055.83000000,58055.66000000,58055.66000000,0.00003000,1725196139999,1.74167320,2,0E-8,0E-8
1725196140000,58055.66000000,58055.66000000,58055.66000000,58055.66000000,0E-8,1725196199999,0E-8,0,0E-8,0E-8
1725196200000,58053.03000000,58097.91000000,58053.03000000,58097.91000000,0.00826000,1725196259999,479.52565740,2,0.00017000,9.87664470
1725196260000,58097.91000000,58097.91000000,58097.91000000,58097.91000000,0E-8,1725196319999,0E-8,0,0E-8,0E-8
1725196320000,58097.91000000,58097.91000000,58097.91000000,58097.91000000,0.00002000,1725196379999,1.16195820,1,0.00002000,1.16195820
1725196380000,58097.91000000,58097.91000000,58097.91000000,58097.91000000,0E-8,1725196439999,0E-8,0,0E-8,0E-8
1725196440000,58097.91000000,58097.91000000,58097.91000000,58097.91000000,0E-8,1725196499999,0E-8,0,0E-8,0E-8
1725196500000,58048.10000000,58048.10000000,58048.10000000,58048.10000000,0.00344000,1725196559999,199.68546400,1,0E-8,0E-8
1725196560000,58064.63000000,58064.63000000,58059.44000000,58059.44000000,0.00004000,1725196619999,2.32248140,2,0.00002000,1.16129260
1725196620000,58050.09000000,58050.09000000,58050.09000000,58050.09000000,0.00026000,1725196679999,15.09302340,1,0.00026000,15.09302340
1725196680000,58049.25000000,58049.25000000,58049.25000000,58049.25000000,0.00015000,1725196739999,8.70738750,1,0.00015000,8.70738750
1725196740000,58049.25000000,58049.25000000,58049.25000000,58049.25000000,0E-8,1725196799999,0E-8,0,0E-8,0E-8
1725196800000,58049.25000000,58049.25000000,58049.25000000,58049.25000000,0E-8,1725196859999,0E-8,0,0E-8,0E-8
1725196860000,58049.25000000,58049.25000000,58049.25000000,58049.25000000,0E-8,1725196919999,0E-8,0,0E-8,0E-8
1725196920000,57987.85000000,57987.85000000,57987.85000000,57987.85000000,0.00063000,1725196979999,36.53234550,1,0E-8,0E-8
1725196980000,58038.99000000,58038.99000000,58038.97000000,58038.97000000,0.00046000,1725197039999,26.69793280,2,0.00046000,26.69793280
1725197040000,58038.97000000,58038.97000000,58038.97000000,58038.97000000,0E-8,1725197099999,0E-8,0,0E-8,0E-8
1725197100000,58037.58000000,58037.58000000,58037.58000000,58037.58000000,0.00005000,1725197159999,2.90187900,1,0.00005000,2.90187900
1725197160000,58037.58000000,58037.58000000,58037.58000000,58037.58000000,0E-8,1725197219999,0E-8,0,0E-8,0E-8
1725197220000,58037.58000000,58037.58000000,58037.58000000,58037.58000000,0E-8,1725197279999,0E-8,0,0E-8,0E-8
1725197280000,57987.85000000,57987.85000000,57951.89000000,57951.89000000,0.00114000,1725197339999,66.08565180,2,0E-8,0E-8
1725197340000,57981.85000000,57981.85000000,57981.85000000,57981.85000000,0.00121000,1725197399999,70.15803850,1,0.00121000,70.15803850
1725197400000,57981.85000000,57981.85000000,57981.85000000,57981.85000000,0E-8,1725197459999,0E-8,0,0E-8,0E-8
1725197460000,57981.85000000,57981.85000000,57981.85000000,57981.85000000,0E-8,1725197519999,0E-8,0,0E-8,0E-8
1725197520000,57981.85000000,57981.85000000,57981.85000000,57981.85000000,0E-8,1725197579999,0E-8,0,0E-8,0E-8
1725197580000,57981.85000000,57981.85000000,57981.85000000,57981.85000000,0E-8,1725197639999,0E-8,0,0E-8,0E-8
1725197640000,57943.21000000,57943.21000000,57943.21000000,57943.21000000,0.00048000,1725197699999,27.81274080,2,0E-8,0E-8
1725197700000,57943.21000000,57943.21000000,57943.21000000,57943.21000000,0E-8,1725197759999,0E-8,0,0E-8,0E-8
1725197760000,57975.35000000,58011.16000000,57975.35000000,57977.71000000,0.00021000,1725197819999,12.17555940,4,0.00005000,2.89912580
1725197820000,57977.70000000,57977.70000000,57977.70000000,57977.70000000,0.00038000,1725197879999,22.03152600,3,0E-8,0E-8
1725197880000,58014.27000000,58014.27000000,57900.00000000,57900.00000000,0.03812000,1725197939999,2207.53034450,8,0.00009000,5.22128430
1725197940000,57941.77000000,57951.66000000,57941.77000000,57951.66000000,0.04012000,1725197999999,2324.95975630,7,0.04012000,2324.95975630
1725198000000,57934.75000000,57934.75000000,57934.75000000,57934.75000000,0.00002000,1725198059999,1.15869500,1,0E-8,0E-8
1725198060000,57920.53000000,57920.53000000,57920.53000000,57920.53000000,0.00027000,1725198119999,15.63854310,1,0E-8,0E-8
1725198120000,57920.53000000,57920.53000000,57920.53000000,57920.53000000,0E-8,1725198179999,0E-8,0,0E-8,0E-8
1725198180000,57941.45000000,57941.45000000,57867.52000000,57867.52000000,0.01019000,1725198239999,589.81748920,9,0.00053000,30.70892910
1725198240000,57856.65000000,57856.65000000,57853.92000000,57853.92000000,0.01059000,1725198299999,612.67426860,3,0E-8,0E-8
1725198300000,57885.13000000,57894.57000000,57885.13000000,57894.57000000,0.00271000,1725198359999,156.89079190,2,0.00271000,156.89079190
1725198360000,57888.72000000,57894.21000000,57888.72000000,57893.19000000,0.00080000,1725198419999,46.31451360,3,0.00078000,45.15673920
1725198420000,57892.48000000,57892.50000000,57892.13000000,57892.38000000,0.00168000,1725198479999,97.25923360,4,0.00168000,97.25923360
1725198480000,57891.31000000,57891.31000000,57891.31000000,57891.31000000,0.00012000,1725198539999,6.94695720,1,0.00012000,6.94695720
1725198540000,57890.72000000,57890.72000000,57854.23000000,57882.26000000,0.00099000,1725198599999,57.30356890,4,0.00097000,56.14648430
1725198600000,57881.29000000,57881.29000000,57761.28000000,57824.21000000,4.05099000,1725198659999,234146.98341240,26,0.01433000,828.47998640
1725198660000,57997.66000000,57997.67000000,57997.66000000,57997.67000000,0.04209000,1725198719999,2441.12171620,4,0.04209000,2441.12171620
1725198720000,58020.40000000,58123.56000000,58020.40000000,58098.92000000,0.00423000,1725198779999,245.76686530,7,0.00156000,90.65104530
1725198780000,58153.74000000,58159.09000000,58124.28000000,58124.28000000,0.01333000,1725198839999,775.21558260,6,0.01131000,657.75523280
1725198840000,58032.32000000,58032.32000000,58032.32000000,58032.32000000,0.00817000,1725198899999,474.12405440,1,0E-8,0E-8
1725198900000,58120.00000000,58219.77000000,58120.00000000,58214.25000000,0.02405000,1725198959999,1399.18601710,13,0.02405000,1399.18601710
1725198960000,58161.90000000,58170.15000000,58161.90000000,58170.14000000,0.00090000,1725199019999,52.35293620,4,0E-8,0E-8
1725199020000,58156.26000000,58156.26000000,58156.26000000,58156.26000000,0.00002000,1725199079999,1.16312520,1,0E-8,0E-8
1725199080000,58203.63000000,58203.63000000,58203.63000000,58203.63000000,0.00002000,1725199139999,1.16407260,1,0.00002000,1.16407260
1725199140000,58203.62000000,58203.66000000,58203.62000000,58203.66000000,0.02918000,1725199199999,1698.38248640,4,0.02887000,1680.33935180
1725199200000,58203.66000000,58203.66000000,58203.66000000,58203.66000000,0E-8,1725199259999,0E-8,0,0E-8,0E-8
1725199260000,58133.19000000,58133.19000000,58133.19000000,58133.19000000,0.00002000,1725199319999,1.16266380,1,0.00002000,1.16266380
1725199320000,58133.19000000,58133.19000000,58133.19000000,58133.19000000,0E-8,1725199379999,0E-8,0,0E-8,0E-8
1725199380000,58025.39000000,58025.39000000,58000.75000000,58000.75000000,0.00261000,1725199439999,151.41666060,4,0.00261000,151.41666060
1725199440000,58000.75000000,58000.75000000,58000.75000000,58000.75000000,0E-8,1725199499999,0E-8,0,0E-8,0E-8
1725199500000,58034.65000000,58052.65000000,58016.29000000,58052.65000000,0.00014000,1725199559999,8.12519300,4,0.00014000,8.12519300
1725199560000,58016.52000000,58025.10000000,58016.52000000,58025.09000000,0.00071000,1725199619999,41.19755700,3,0E-8,0E-8
1725199620000,57930.54000000,57968.29000000,57829.62000000,57876.33000000,0.01768000,1725199679999,1023.11995640,18,0.00360000,208.42716320
1725199680000,57855.84000000,57855.84000000,57855.84000000,57855.84000000,0.00057000,1725199739999,32.97782880,1,0E-8,0E-8
1725199740000,57911.44000000,57961.15000000,57911.44000000,57961.13000000,0.00424000,1725199799999,245.57905610,5,0.00026000,15.06989540
1725199800000,57911.22000000,57911.22000000,57806.42000000,57806.42000000,0.00043000,1725199859999,24.85885660,2,0E-8,0E-8
1725199860000,57869.30000000,57869.30000000,57806.42000000,57843.99000000,0.01120000,1725199919999,647.51994360,9,0.00224000,129.57442040
1725199920000,57843.29000000,57843.97000000,57822.95000000,57822.95000000,0.00117000,1725199979999,67.66188320,4,0.00117000,67.66188320
1725199980000,57822.95000000,57822.95000000,57822.95000000,57822.95000000,0E-8,1725200039999,0E-8,0,0E-8,0E-8
1725200040000,57763.69000000,57806.30000000,57400.00000000,57579.15000000,1.17221000,1725200099999,67438.66155800,160,0.04250000,2447.69923160
1725200100000,57578.46000000,57763.69000000,57475.78000000,57763.69000000,0.01769000,1725200159999,1020.70006740,13,0.01094000,631.19830430
1725200160000,57763.69000000,57806.37000000,57763.69000000,57803.87000000,0.00097000,1725200219999,56.06884080,4,0.00091000,52.60301940
1725200220000,57748.23000000,57748.23000000,57748.23000000,57748.23000000,0.00128000,1725200279999,73.91773440,1,0.00128000,73.91773440
1725200280000,57806.42000000,57971.77000000,57806.42000000,57910.21000000,0.02535000,1725200339999,1467.81700220,23,0.02075000,1201.60031510
1725200340000,57981.32000000,57981.32000000,57815.44000000,57815.44000000,0.00646000,1725200399999,373.75885040,23,0.00077000,44.64561640
1725200400000,57803.66000000,57815.44000000,57803.66000000,57815.44000000,0.00531000,1725200459999,306.99845500,3,0E-8,0E-8
1725200460000,57752.01000000,57787.08000000,57752.01000000,57787.08000000,0.00071000,1725200519999,41.00883690,2,0.00014000,8.09019120
1725200520000,57740.73000000,57740.73000000,57699.14000000,57699.14000000,0.00943000,1725200579999,544.10829690,4,0E-8,0E-8
1725200580000,57699.14000000,57699.14000000,57699.14000000,57699.14000000,0E-8,1725200639999,0E-8,0,0E-8,0E-8
1725200640000,57743.71000000,57743.71000000,57743.71000000,57743.71000000,0.00020000,1725200699999,11.54874200,1,0.00020000,11.54874200
1725200700000,57727.88000000,57727.88000000,57695.16000000,57695.16000000,0.00014000,1725200759999,8.07863120,2,0.00014000,8.07863120
1725200760000,57726.45000000,57726.45000000,57679.20000000,57679.20000000,0.02503000,1725200819999,1443.71179350,2,0.00003000,1.73179350
1725200820000,57679.20000000,57679.20000000,57679.20000000,57679.20000000,0E-8,1725200879999,0E-8,0,0E-8,0E-8
1725200880000,57679.20000000,57679.20000000,57679.20000000,57679.20000000,0E-8,1725200939999,0E-8,0,0E-8,0E-8
1725200940000,57755.31000000,57755.31000000,57755.31000000,57755.31000000,0.00094000,1725200999999,54.28999140,1,0.00094000,54.28999140
1725201000000,57775.47000000,57775.48000000,57775.47000000,57775.48000000,0.02154000,1725201059999,1244.48374260,2,0.02154000,1244.48374260
1725201060000,57778.61000000,57778.61000000,57778.61000000,57778.61000000,0.00005000,1725201119999,2.88893050,1,0E-8,0E-8
1725201120000,57846.56000000,57846.56000000,57846.56000000,57846.56000000,0.01176000,1725201179999,680.27554560,1,0.01176000,680.27554560
1725201180000,57868.34000000,57909.89000000,57862.85000000,57882.05000000,0.00160000,1725201239999,92.64342770,5,0.00144000,83.38484010
1725201240000,57925.29000000,57925.29000000,57903.35000000,57903.45000000,0.00181000,1725201299999,104.81758930,3,0.00057000,33.01741530
1725201300000,57903.45000000,57903.45000000,57903.45000000,57903.45000000,0E-8,1725201359999,0E-8,0,0E-8,0E-8
1725201360000,57914.44000000,57995.95000000,57914.44000000,57975.53000000,0.03256000,1725201419999,1887.05061560,10,0.00013000,7.53947350
1725201420000,57984.11000000,57986.71000000,57984.11000000,57986.71000000,0.00062000,1725201479999,35.95020020,3,0E-8,0E-8
1725201480000,57978.33000000,57978.33000000,57978.33000000,57978.33000000,0.00002000,1725201539999,1.15956660,1,0E-8,0E-8
1725201540000,57996.58000000,58023.93000000,57996.58000000,58000.67000000,0.00140000,1725201599999,81.21432890,3,0.00069000,40.03651170
1725201600000,57953.43000000,58024.59000000,57953.43000000,58024.59000000,0.00133000,1725201659999,77.10522030,3,0.00003000,1.74073770
1725201660000,58024.59000000,58024.59000000,58024.59000000,58024.59000000,0E-8,1725201719999,0E-8,0,0E-8,0E-8
1725201720000,58024.59000000,58024.59000000,58024.59000000,58024.59000000,0E-8,1725201779999,0E-8,0,0E-8,0E-8
1725201780000,57967.88000000,57967.88000000,57967.88000000,57967.88000000,0.00052000,1725201839999,30.14329760,1,0.00052000,30.14329760
1725201840000,57967.88000000,57967.88000000,57967.88000000,57967.88000000,0E-8,1725201899999,0E-8,0,0E-8,0E-8
1725201900000,57941.52000000,57941.52000000,57941.52000000,57941.52000000,0.00027000,1725201959999,15.64421040,1,0E-8,0E-8
1725201960000,58025.71000000,58034.10000000,58015.25000000,58034.10000000,0.00688000,1725202019999,399.21748390,6,0.00501000,290.71145380
1725202020000,58047.95000000,58129.32000000,58047.95000000,58065.14000000,0.01035000,1725202079999,601.16583290,16,0.00573000,332.93460140
1725202080000,58066.24000000,58074.93000000,58066.24000000,58074.93000000,0.00160000,1725202139999,92.91081470,4,0E-8,0E-8
1725202140000,58074.93000000,58074.93000000,58074.93000000,58074.93000000,0E-8,1725202199999,0E-8,0,0E-8,0E-8
1725202200000,57985.06000000,57985.06000000,57925.29000000,57941.20000000,0.00070000,1725202259999,40.55328010,3,0.00013000,7.53586480
1725202260000,57941.20000000,57941.20000000,57941.20000000,57941.20000000,0E-8,1725202319999,0E-8,0,0E-8,0E-8
1725202320000,57868.34000000,57868.34000000,57868.34000000,57868.34000000,0.00013000,1725202379999,7.52288420,1,0E-8,0E-8
1725202380000,57884.84000000,57884.84000000,57870.05000000,57870.05000000,0.00244000,1725202439999,141.22303740,3,0.00244000,141.22303740
1725202440000,57870.05000000,57870.05000000,57870.05000000,57870.05000000,0E-8,1725202499999,0E-8,0,0E-8,0E-8
1725202500000,57937.55000000,57937.55000000,57875.42000000,57875.42000000,0.00149000,1725202559999,86.23623970,2,0.00003000,1.73812650
1725202560000,57875.42000000,57875.42000000,57875.42000000,57875.42000000,0E-8,1725202619999,0E-8,0,0E-8,0E-8
1725202620000,57935.41000000,57937.36000000,57935.26000000,57937.28000000,0.01682000,1725202679999,974.47745440,26,0.01682000,974.47745440
1725202680000,57926.43000000,57926.43000000,57856.97000000,57856.97000000,0.22657000,1725202739999,13124.19099920,98,0.22451000,13005.00045400
1725202740000,57924.55000000,57924.55000000,57924.48000000,57924.48000000,0.00943000,1725202799999,546.22812670,3,0.00943000,546.22812670
1725202800000,57864.03000000,57864.03000000,57864.03000000,57864.03000000,0.00005000,1725202859999,2.89320150,1,0E-8,0E-8
1725202860000,57923.17000000,57923.18000000,57923.10000000,57923.10000000,0.00247000,1725202919999,143.07020910,7,0.00247000,143.07020910
1725202920000,57874.11000000,57955.75000000,57874.11000000,57955.64000000,0.00320000,1725202979999,185.32436100,9,0.00254000,147.12744840
1725202980000,57895.50000000,57895.50000000,57895.50000000,57895.50000000,0.00426000,1725203039999,246.63483000,1,0E-8,0E-8
1725203040000,57895.50000000,57895.50000000,57895.50000000,57895.50000000,0E-8,1725203099999,0E-8,0,0E-8,0E-8
1725203100000,57955.79000000,57975.05000000,57955.79000000,57975.05000000,0.00049000,1725203159999,28.40428250,5,0.00049000,28.40428250
1725203160000,57975.04000000,57975.04000000,57928.58000000,57975.04000000,0.00249000,1725203219999,144.24448720,3,0.00005000,2.89875200
1725203220000,57975.04000000,57975.04000000,57975.04000000,57975.04000000,0E-8,1725203279999,0E-8,0,0E-8,0E-8
1725203280000,57995.94000000,58009.33000000,57995.94000000,58009.33000000,0.07830000,1725203339999,4541.08263890,5,0.00013000,7.53947350
1725203340000,58009.33000000,58009.33000000,58009.33000000,58009.33000000,0E-8,1725203399999,0E-8,0,0E-8,0E-8
1725203400000,58009.33000000,58009.33000000,58009.33000000,58009.33000000,0E-8,1725203459999,0E-8,0,0E-8,0E-8
1725203460000,58020.00000000,58024.57000000,58020.00000000,58024.57000000,0.00302000,1725203519999,175.23374210,7,0.00302000,175.23374210
1725203520000,58038.92000000,58038.92000000,58038.92000000,58038.92000000,0.00885000,1725203579999,513.64444200,3,0.00885000,513.64444200
1725203580000,57969.39000000,57969.39000000,57969.39000000,57969.39000000,0.00809000,1725203639999,468.97236510,2,0E-8,0E-8
1725203640000,57982.78000000,57982.78000000,57982.78000000,57982.78000000,0.00002000,1725203699999,1.15965560,1,0.00002000,1.15965560
1725203700000,57928.09000000,57928.09000000,57928.09000000,57928.09000000,0.00003000,1725203759999,1.73784270,1,0E-8,0E-8
1725203760000,57928.09000000,57928.09000000,57928.09000000,57928.09000000,0E-8,1725203819999,0E-8,0,0E-8,0E-8
1725203820000,57928.09000000,57928.09000000,57928.09000000,57928.09000000,0E-8,1725203879999,0E-8,0,0E-8,0E-8
1725203880000,57928.09000000,57928.09000000,57928.09000000,57928.09000000,0E-8,1725203939999,0E-8,0,0E-8,0E-8
1725203940000,57928.09000000,57928.09000000,57928.09000000,57928.09000000,0E-8,1725203999999,0E-8,0,0E-8,0E-8
1725204000000,57928.09000000,57928.09000000,57928.09000000,57928.09000000,0E-8,1725204059999,0E-8,0,0E-8,0E-8
1725204060000,57906.95000000,57951.14000000,57906.95000000,57951.14000000,0.00161000,1725204119999,93.30045160,3,0.00159000,92.14231260
1725204120000,57970.60000000,57970.80000000,57970.60000000,57970.80000000,0.00405000,1725204179999,234.78166800,4,0.00405000,234.78166800
1725204180000,57928.56000000,57928.56000000,57928.56000000,57928.56000000,0.00006000,1725204239999,3.47571360,1,0E-8,0E-8
1725204240000,57928.57000000,57928.57000000,57913.46000000,57913.46000000,0.00115000,1725204299999,66.61075380,2,0E-8,0E-8
1725204300000,57954.06000000,57969.79000000,57954.06000000,57969.79000000,0.00040000,1725204359999,23.18209590,4,0.00040000,23.18209590
1725204360000,57984.74000000,57984.74000000,57984.74000000,57984.74000000,0.00675000,1725204419999,391.39699500,2,0.00675000,391.39699500
1725204420000,57984.50000000,57984.52000000,57984.50000000,57984.52000000,0.00579000,1725204479999,335.73031710,5,0.00579000,335.73031710
1725204480000,57984.52000000,57984.52000000,57984.52000000,57984.52000000,0.00003000,1725204539999,1.73953560,1,0.00003000,1.73953560
1725204540000,57921.16000000,57921.16000000,57860.36000000,57860.36000000,0.00663000,1725204599999,383.65691190,3,0E-8,0E-8
1725204600000,57907.84000000,57907.84000000,57907.84000000,57907.84000000,0.00003000,1725204659999,1.73723520,1,0.00003000,1.73723520
1725204660000,57807.30000000,57836.07000000,57762.30000000,57836.07000000,0.03676000,1725204719999,2123.78313270,4,0.00002000,1.15672140
1725204720000,57836.02000000,57836.02000000,57836.02000000,57836.02000000,0.00019000,1725204779999,10.98884380,1,0.00019000,10.98884380
1725204780000,57883.69000000,57883.69000000,57883.69000000,57883.69000000,0.00052000,1725204839999,30.09951880,2,0.00052000,30.09951880
1725204840000,57887.09000000,57936.01000000,57887.09000000,57936.01000000,0.00120000,1725204899999,69.48603280,2,0.00044000,25.49184440
1725204900000,57936.01000000,57936.01000000,57936.01000000,57936.01000000,0E-8,1725204959999,0E-8,0,0E-8,0E-8
1725204960000,57966.47000000,58031.34000000,57966.47000000,58031.34000000,0.00141000,1725205019999,81.81876510,3,0.00141000,81.81876510
1725205020000,58031.34000000,58031.35000000,58031.34000000,58031.35000000,0.00204000,1725205079999,118.38393680,2,0.00204000,118.38393680
1725205080000,58017.32000000,58017.32000000,58017.32000000,58017.32000000,0.00002000,1725205139999,1.16034640,1,0E-8,0E-8
1725205140000,57976.34000000,57976.34000000,57976.34000000,57976.34000000,0.00033000,1725205199999,19.13219220,1,0E-8,0E-8
1725205200000,58026.30000000,58026.30000000,57964.93000000,57964.93000000,0.00272000,1725205259999,157.67272950,3,0.00010000,5.80263000
1725205260000,58040.00000000,58065.76000000,58040.00000000,58065.76000000,0.01313000,1725205319999,762.33841660,5,0.01313000,762.33841660
1725205320000,58036.76000000,58036.76000000,58036.76000000,58036.76000000,0.00225000,1725205379999,130.58271000,1,0.00225000,130.58271000
1725205380000,58036.76000000,58036.76000000,58036.76000000,58036.76000000,0E-8,1725205439999,0E-8,0,0E-8,0E-8
1725205440000,58075.74000000,58094.03000000,58075.74000000,58094.03000000,0.00608000,1725205499999,353.17530530,3,0.00608000,353.17530530
1725205500000,58047.41000000,58047.41000000,58047.41000000,58047.41000000,0.00207000,1725205559999,120.15813870,1,0E-8,0E-8
1725205560000,58065.00000000,58081.96000000,58065.00000000,58081.96000000,0.00562000,1725205619999,326.40293570,4,0E-8,0E-8
1725205620000,58099.09000000,58330.60000000,58099.09000000,58274.86000000,0.09595000,1725205679999,5587.64534000,51,0.06087000,3545.20137250
1725205680000,58310.79000000,58310.79000000,58236.24000000,58261.16000000,0.00131000,1725205739999,76.35822450,6,0.00089000,51.89482870
1725205740000,58258.42000000,58290.53000000,58204.28000000,58290.53000000,0.00184000,1725205799999,107.20369190,6,0E-8,0E-8
1725205800000,58290.53000000,58290.53000000,58290.53000000,58290.53000000,0E-8,1725205859999,0E-8,0,0E-8,0E-8
1725205860000,58299.06000000,58301.01000000,58299.06000000,58301.01000000,0.00042000,1725205919999,24.48615340,3,0E-8,0E-8
1725205920000,58301.84000000,58301.84000000,58301.84000000,58301.84000000,0.00041000,1725205979999,23.90375440,2,0E-8,0E-8
1725205980000,58272.14000000,58272.14000000,58272.14000000,58272.14000000,0.00480000,1725206039999,279.70627200,1,0.00480000,279.70627200
1725206040000,58272.14000000,58272.14000000,58272.14000000,58272.14000000,0E-8,1725206099999,0E-8,0,0E-8,0E-8
1725206100000,58213.64000000,58213.64000000,58213.64000000,58213.64000000,0.00004000,1725206159999,2.32854560,1,0E-8,0E-8
1725206160000,58213.64000000,58213.64000000,58213.64000000,58213.64000000,0E-8,1725206219999,0E-8,0,0E-8,0E-8
1725206220000,58213.64000000,58213.64000000,58213.64000000,58213.64000000,0E-8,1725206279999,0E-8,0,0E-8,0E-8
1725206280000,58213.64000000,58213.64000000,58213.64000000,58213.64000000,0E-8,1725206339999,0E-8,0,0E-8,0E-8
1725206340000,58196.38000000,58196.38000000,58196.38000000,58196.38000000,0.00002000,1725206399999,1.16392760,1,0E-8,0E-8
1725206400000,58240.70000000,58240.70000000,58240.70000000,58240.70000000,0.00005000,1725206459999,2.91203500,1,0.00005000,2.91203500
1725206460000,58240.70000000,58240.70000000,58240.70000000,58240.70000000,0E-8,1725206519999,0E-8,0,0E-8,0E-8
1725206520000,58240.72000000,58277.73000000,58240.72000000,58277.73000000,0.00186000,1725206579999,108.38806550,2,0.00186000,108.38806550
1725206580000,58261.19000000,58261.19000000,58258.89000000,58258.89000000,0.00077000,1725206639999,44.86033430,2,0.00077000,44.86033430
1725206640000,58295.52000000,58300.75000000,58295.52000000,58300.75000000,0.00076000,1725206699999,44.30846540,2,0.00076000,44.30846540
1725206700000,58300.75000000,58300.75000000,58300.75000000,58300.75000000,0E-8,1725206759999,0E-8,0,0E-8,0E-8
1725206760000,58343.75000000,58343.75000000,58259.66000000,58259.66000000,0.00833000,1725206819999,485.99659920,3,0.00824000,480.75250000
1725206820000,58259.66000000,58259.66000000,58259.66000000,58259.66000000,0E-8,1725206879999,0E-8,0,0E-8,0E-8
1725206880000,58259.66000000,58259.66000000,58259.66000000,58259.66000000,0E-8,1725206939999,0E-8,0,0E-8,0E-8
1725206940000,58291.08000000,58312.74000000,58291.08000000,58312.74000000,0.00152000,1725206999999,88.60395780,3,0.00152000,88.60395780
1725207000000,58299.10000000,58300.55000000,58278.65000000,58278.65000000,0.00098000,1725207059999,57.11827470,4,0E-8,0E-8
1725207060000,58336.75000000,58336.75000000,58336.75000000,58336.75000000,0.00004000,1725207119999,2.33347000,1,0.00004000,2.33347000
1725207120000,58308.30000000,58308.31000000,58308.30000000,58308.31000000,0.00006000,1725207179999,3.49849820,2,0E-8,0E-8
1725207180000,58308.31000000,58308.31000000,58308.31000000,58308.31000000,0E-8,1725207239999,0E-8,0,0E-8,0E-8
1725207240000,58314.40000000,58314.40000000,58314.40000000,58314.40000000,0.00007000,1725207299999,4.08200800,1,0E-8,0E-8
1725207300000,58313.57000000,58313.57000000,58269.13000000,58269.13000000,0.00047000,1725207359999,27.39004630,2,0E-8,0E-8
1725207360000,58269.13000000,58269.13000000,58269.13000000,58269.13000000,0E-8,1725207419999,0E-8,0,0E-8,0E-8
1725207420000,58248.16000000,58248.16000000,58248.16000000,58248.16000000,0.00002000,1725207479999,1.16496320,1,0E-8,0E-8
1725207480000,58245.77000000,58245.77000000,58232.69000000,58232.69000000,0.00004000,1725207539999,2.32956920,2,0E-8,0E-8
1725207540000,58232.69000000,58232.69000000,58232.69000000,58232.69000000,0E-8,1725207599999,0E-8,0,0E-8,0E-8
1725207600000,58241.95000000,58241.95000000,58241.95000000,58241.95000000,0.00008000,1725207659999,4.65935600,1,0E-8,0E-8
1725207660000,58241.95000000,58241.95000000,58241.95000000,58241.95000000,0E-8,1725207719999,0E-8,0,0E-8,0E-8
1725207720000,58204.04000000,58204.04000000,58204.04000000,58204.04000000,0.00029000,1725207779999,16.87917160,2,0E-8,0E-8
1725207780000,58200.01000000,58200.01000000,58192.40000000,58192.40000000,0.02621000,1725207839999,1525.37879760,4,0E-8,0E-8
1725207840000,58170.80000000,58170.80000000,58170.80000000,58170.80000000,0.01180000,1725207899999,686.41544000,4,0E-8,0E-8
1725207900000,58150.69000000,58150.69000000,58120.97000000,58120.97000000,0.02285000,1725207959999,1328.56182390,20,0E-8,0E-8
1725207960000,58120.97000000,58181.28000000,58117.69000000,58181.28000000,0.00460000,1725208019999,267.34950100,6,0.00002000,1.16362560
1725208020000,58181.28000000,58181.28000000,58181.28000000,58181.28000000,0E-8,1725208079999,0E-8,0,0E-8,0E-8
1725208080000,58119.70000000,58119.70000000,58119.70000000,58119.70000000,0.03096000,1725208139999,1799.38591200,1,0E-8,0E-8
1725208140000,58119.70000000,58119.70000000,58119.70000000,58119.70000000,0E-8,1725208199999,0E-8,0,0E-8,0E-8
1725208200000,58105.80000000,58166.10000000,58105.80000000,58166.10000000,0.00021000,1725208259999,12.21246900,2,0.00017000,9.88823700
1725208260000,58116.71000000,58116.71000000,58113.73000000,58113.73000000,0.00006000,1725208319999,3.48691320,2,0E-8,0E-8
1725208320000,58113.73000000,58113.73000000,58113.73000000,58113.73000000,0E-8,1725208379999,0E-8,0,0E-8,0E-8
1725208380000,58123.28000000,58123.28000000,58123.28000000,58123.28000000,0.00004000,1725208439999,2.32493120,1,0E-8,0E-8
1725208440000,58123.28000000,58123.28000000,58123.28000000,58123.28000000,0E-8,1725208499999,0E-8,0,0E-8,0E-8
1725208500000,58157.71000000,58157.71000000,58157.71000000,58157.71000000,0.00004000,1725208559999,2.32630840,1,0.00004000,2.32630840
1725208560000,58157.71000000,58157.71000000,58157.71000000,58157.71000000,0E-8,1725208619999,0E-8,0,0E-8,0E-8
1725208620000,58157.71000000,58157.71000000,58157.71000000,58157.71000000,0E-8,1725208679999,0E-8,0,0E-8,0E-8
1725208680000,58157.71000000,58157.71000000,58157.71000000,58157.71000000,0E-8,1725208739999,0E-8,0,0E-8,0E-8
1725208740000,58157.71000000,58157.71000000,58157.71000000,58157.71000000,0E-8,1725208799999,0E-8,0,0E-8,0E-8
1725208800000,58157.71000000,58157.71000000,58157.71000000,58157.71000000,0E-8,1725208859999,0E-8,0,0E-8,0E-8
1725208860000,58185.18000000,58185.18000000,58185.17000000,58185.17000000,0.00026000,1725208919999,15.12814620,6,0.00026000,15.12814620
1725208920000,58185.16000000,58185.18000000,58146.31000000,58185.16000000,0.01273000,1725208979999,740.36926000,5,0.00429000,249.61440360
1725208980000,58185.16000000,58185.16000000,58185.16000000,58185.16000000,0E-8,1725209039999,0E-8,0,0E-8,0E-8
1725209040000,58110.55000000,58173.72000000,58110.55000000,58173.72000000,0.00300000,1725209099999,174.50284070,3,0E-8,0E-8
1725209100000,58115.09000000,58173.92000000,58115.09000000,58163.94000000,0.00206000,1725209159999,119.77485440,3,0.00106000,61.65976440
1725209160000,58163.94000000,58163.94000000,58163.94000000,58163.94000000,0E-8,1725209219999,0E-8,0,0E-8,0E-8
1725209220000,58162.37000000,58162.37000000,58162.37000000,58162.37000000,0.00003000,1725209279999,1.74487110,1,0.00003000,1.74487110
1725209280000,58162.37000000,58162.37000000,58162.37000000,58162.37000000,0E-8,1725209339999,0E-8,0,0E-8,0E-8
1725209340000,58162.37000000,58162.37000000,58162.37000000,58162.37000000,0E-8,1725209399999,0E-8,0,0E-8,0E-8
1725209400000,58113.20000000,58113.20000000,58113.20000000,58113.20000000,0.00002000,1725209459999,1.16226400,1,0E-8,0E-8
1725209460000,58126.60000000,58126.60000000,58126.60000000,58126.60000000,0.00172000,1725209519999,99.97775200,1,0E-8,0E-8
1725209520000,58167.15000000,58167.15000000,58167.15000000,58167.15000000,0.01692000,1725209579999,984.18817800,1,0E-8,0E-8
1725209580000,58180.00000000,58180.00000000,58180.00000000,58180.00000000,0.00002000,1725209639999,1.16360000,1,0.00002000,1.16360000
1725209640000,58180.00000000,58200.00000000,58180.00000000,58200.00000000,0.00043000,1725209699999,25.02440000,3,0.00043000,25.02440000
1725209700000,58200.00000000,58200.00000000,58200.00000000,58200.00000000,0E-8,1725209759999,0E-8,0,0E-8,0E-8
1725209760000,58200.00000000,58200.00000000,58200.00000000,58200.00000000,0E-8,1725209819999,0E-8,0,0E-8,0E-8
1725209820000,58200.00000000,58200.00000000,58200.00000000,58200.00000000,0E-8,1725209879999,0E-8,0,0E-8,0E-8
1725209880000,58200.00000000,58200.00000000,58200.00000000,58200.00000000,0E-8,1725209939999,0E-8,0,0E-8,0E-8
1725209940000,58200.00000000,58200.00000000,58200.00000000,58200.00000000,0.00052000,1725209999999,30.26400000,1,0E-8,0E-8
1725210000000,58200.00000000,58200.00000000,58200.00000000,58200.00000000,0E-8,1725210059999,0E-8,0,0E-8,0E-8
1725210060000,58200.00000000,58200.00000000,58200.00000000,58200.00000000,0E-8,1725210119999,0E-8,0,0E-8,0E-8
1725210120000,58200.00000000,58200.00000000,58200.00000000,58200.00000000,0E-8,1725210179999,0E-8,0,0E-8,0E-8
1725210180000,58171.65000000,58171.65000000,58171.65000000,58171.65000000,0.00004000,1725210239999,2.32686600,1,0.00004000,2.32686600
1725210240000,58127.97000000,58171.64000000,58127.97000000,58171.64000000,0.00027000,1725210299999,15.69542530,2,0.00002000,1.16343280
1725210300000,58171.62000000,58171.67000000,58171.62000000,58171.67000000,0.00045000,1725210359999,26.17724700,2,0.00045000,26.17724700
1725210360000,58180.36000000,58194.49000000,58180.36000000,58194.49000000,0.00047000,1725210419999,27.34505180,2,0.00047000,27.34505180
1725210420000,58194.49000000,58194.49000000,58194.49000000,58194.49000000,0E-8,1725210479999,0E-8,0,0E-8,0E-8
1725210480000,58194.49000000,58194.49000000,58194.49000000,58194.49000000,0E-8,1725210539999,0E-8,0,0E-8,0E-8
1725210540000,58194.49000000,58194.49000000,58194.49000000,58194.49000000,0E-8,1725210599999,0E-8,0,0E-8,0E-8
1725210600000,58194.49000000,58194.49000000,58194.49000000,58194.49000000,0E-8,1725210659999,0E-8,0,0E-8,0E-8
1725210660000,58194.49000000,58194.49000000,58194.49000000,58194.49000000,0E-8,1725210719999,0E-8,0,0E-8,0E-8
1725210720000,58194.49000000,58194.49000000,58194.49000000,58194.49000000,0E-8,1725210779999,0E-8,0,0E-8,0E-8
1725210780000,58194.49000000,58194.49000000,58194.49000000,58194.49000000,0E-8,1725210839999,0E-8,0,0E-8,0E-8
1725210840000,58209.21000000,58209.21000000,58209.21000000,58209.21000000,0.01329000,1725210899999,773.60040090,1,0.01329000,773.60040090
1725210900000,58159.22000000,58159.22000000,58159.22000000,58159.22000000,0.00003000,1725210959999,1.74477660,1,0E-8,0E-8
1725210960000,58178.91000000,58178.91000000,58178.89000000,58178.89000000,0.00022000,1725211019999,12.79935640,2,0.00022000,12.79935640
1725211020000,58120.00000000,58120.00000000,58099.09000000,58099.09000000,0.00060000,1725211079999,34.86008130,2,0.00003000,1.74360000
1725211080000,58099.09000000,58099.09000000,58099.09000000,58099.09000000,0E-8,1725211139999,0E-8,0,0E-8,0E-8
1725211140000,58100.00000000,58111.14000000,58075.52000000,58075.52000000,0.00127000,1725211199999,73.78542960,3,0.00086000,49.97446640
1725211200000,58075.52000000,58075.52000000,58075.52000000,58075.52000000,0E-8,1725211259999,0E-8,0,0E-8,0E-8
1725211260000,57997.91000000,58042.46000000,57933.82000000,57997.54000000,0.00662000,1725211319999,383.83737610,11,0.00293000,169.97414520
1725211320000,57925.29000000,57978.23000000,57888.10000000,57943.76000000,0.00405000,1725211379999,234.62380840,9,0.00225000,130.39054450
1725211380000,57943.76000000,57943.76000000,57943.76000000,57943.76000000,0E-8,1725211439999,0E-8,0,0E-8,0E-8
1725211440000,57943.76000000,57943.76000000,57943.76000000,57943.76000000,0E-8,1725211499999,0E-8,0,0E-8,0E-8
1725211500000,57943.76000000,57943.76000000,57943.76000000,57943.76000000,0E-8,1725211559999,0E-8,0,0E-8,0E-8
1725211560000,57970.36000000,57970.59000000,57970.36000000,57970.59000000,0.00025000,1725211619999,14.49261070,2,0.00025000,14.49261070
1725211620000,57949.19000000,57990.01000000,57949.19000000,57990.01000000,0.00155000,1725211679999,89.84328730,2,0.00054000,31.31460540
1725211680000,57989.99000000,57989.99000000,57950.97000000,57950.97000000,0.00220000,1725211739999,127.50292450,3,0.00007000,4.05851890
1725211740000,57950.97000000,57950.97000000,57950.97000000,57950.97000000,0E-8,1725211799999,0E-8,0,0E-8,0E-8
1725211800000,57944.46000000,57944.46000000,57944.46000000,57944.46000000,0.00047000,1725211859999,27.23389620,1,0.00047000,27.23389620
1725211860000,57896.82000000,57896.82000000,57896.82000000,57896.82000000,0.00671000,1725211919999,388.48766220,1,0E-8,0E-8
1725211920000,57944.07000000,57944.07000000,57944.07000000,57944.07000000,0.00014000,1725211979999,8.11216980,1,0.00014000,8.11216980
1725211980000,57881.16000000,57895.95000000,57881.16000000,57895.95000000,0.00189000,1725212039999,109.42112700,2,0E-8,0E-8
1725212040000,57895.95000000,57895.95000000,57895.95000000,57895.95000000,0E-8,1725212099999,0E-8,0,0E-8,0E-8
1725212100000,57895.95000000,57895.95000000,57895.95000000,57895.95000000,0E-8,1725212159999,0E-8,0,0E-8,0E-8
1725212160000,58023.28000000,58023.28000000,57966.68000000,57966.68000000,0.00029000,1725212219999,16.81260120,2,0.00004000,2.32093120
1725212220000,57966.68000000,57966.68000000,57966.68000000,57966.68000000,0E-8,1725212279999,0E-8,0,0E-8,0E-8
1725212280000,57966.68000000,57966.68000000,57966.68000000,57966.68000000,0E-8,1725212339999,0E-8,0,0E-8,0E-8
1725212340000,57966.68000000,57966.68000000,57966.68000000,57966.68000000,0E-8,1725212399999,0E-8,0,0E-8,0E-8
1725212400000,57966.68000000,57966.68000000,57966.68000000,57966.68000000,0E-8,1725212459999,0E-8,0,0E-8,0E-8
1725212460000,58013.23000000,58013.24000000,58013.23000000,58013.24000000,0.00004000,1725212519999,2.32052940,2,0.00004000,2.32052940
1725212520000,58038.61000000,58038.61000000,58038.61000000,58038.61000000,0.00301000,1725212579999,174.69621610,1,0.00301000,174.69621610
1725212580000,58024.56000000,58024.56000000,58024.56000000,58024.56000000,0.00160000,1725212639999,92.83929600,1,0.00160000,92.83929600
1725212640000,58024.56000000,58024.56000000,58024.56000000,58024.56000000,0E-8,1725212699999,0E-8,0,0E-8,0E-8
1725212700000,58024.56000000,58024.56000000,58024.56000000,58024.56000000,0.00003000,1725212759999,1.74073680,1,0.00003000,1.74073680
1725212760000,57998.34000000,57998.34000000,57998.25000000,57998.25000000,0.00163000,1725212819999,94.53729240,2,0.00163000,94.53729240
1725212820000,57992.68000000,57992.87000000,57992.68000000,57992.87000000,0.00018000,1725212879999,10.43871280,2,0E-8,0E-8
1725212880000,58044.59000000,58044.59000000,58005.04000000,58044.54000000,0.00250000,1725212939999,145.08610250,3,0.00186000,107.96287690
1725212940000,58044.54000000,58044.54000000,58044.54000000,58044.54000000,0E-8,1725212999999,0E-8,0,0E-8,0E-8
1725213000000,58022.73000000,58048.40000000,57992.27000000,58048.40000000,0.05764000,1725213059999,3342.68209220,6,0.00015000,8.70648990
1725213060000,58048.40000000,58069.77000000,58048.40000000,58069.77000000,0.14000000,1725213119999,8129.68226360,5,0.14000000,8129.68226360
1725213120000,58069.77000000,58069.77000000,58069.77000000,58069.77000000,0E-8,1725213179999,0E-8,0,0E-8,0E-8
1725213180000,58069.77000000,58069.77000000,58069.77000000,58069.77000000,0E-8,1725213239999,0E-8,0,0E-8,0E-8
1725213240000,58050.36000000,58050.36000000,58050.36000000,58050.36000000,0.00193000,1725213299999,112.03719480,1,0E-8,0E-8
1725213300000,58096.02000000,58096.02000000,58096.02000000,58096.02000000,0.00002000,1725213359999,1.16192040,1,0.00002000,1.16192040
1725213360000,58096.02000000,58096.02000000,58096.02000000,58096.02000000,0E-8,1725213419999,0E-8,0,0E-8,0E-8
1725213420000,58097.26000000,58097.26000000,58097.26000000,58097.26000000,0.00002000,1725213479999,1.16194520,1,0.00002000,1.16194520
1725213480000,58097.26000000,58097.26000000,58097.26000000,58097.26000000,0E-8,1725213539999,0E-8,0,0E-8,0E-8
1725213540000,58099.09000000,58099.09000000,58099.09000000,58099.09000000,0.00057000,1725213599999,33.11648130,1,0.00057000,33.11648130
1725213600000,58107.13000000,58107.13000000,58107.13000000,58107.13000000,0.00004000,1725213659999,2.32428520,1,0E-8,0E-8
1725213660000,58122.43000000,58122.43000000,58122.43000000,58122.43000000,0.00030000,1725213719999,17.43672900,1,0E-8,0E-8
1725213720000,58147.26000000,58198.51000000,58147.26000000,58198.51000000,0.00235000,1725213779999,136.72147580,6,0E-8,0E-8
1725213780000,58198.51000000,58198.51000000,58198.51000000,58198.51000000,0E-8,1725213839999,0E-8,0,0E-8,0E-8
1725213840000,58198.51000000,58198.51000000,58198.51000000,58198.51000000,0E-8,1725213899999,0E-8,0,0E-8,0E-8
1725213900000,58198.51000000,58198.51000000,58198.51000000,58198.51000000,0E-8,1725213959999,0E-8,0,0E-8,0E-8
1725213960000,58175.40000000,58175.40000000,58175.40000000,58175.40000000,0.00003000,1725214019999,1.74526200,1,0E-8,0E-8
1725214020000,58203.50000000,58203.50000000,58203.50000000,58203.50000000,0.00008000,1725214079999,4.65628000,1,0.00008000,4.65628000
1725214080000,58138.72000000,58138.72000000,58138.72000000,58138.72000000,0.00019000,1725214139999,11.04635680,1,0E-8,0E-8
1725214140000,58138.72000000,58138.72000000,58138.72000000,58138.72000000,0E-8,1725214199999,0E-8,0,0E-8,0E-8
1725214200000,58138.72000000,58138.72000000,58138.72000000,58138.72000000,0E-8,1725214259999,0E-8,0,0E-8,0E-8
1725214260000,58138.72000000,58138.72000000,58138.72000000,58138.72000000,0E-8,1725214319999,0E-8,0,0E-8,0E-8
1725214320000,58122.59000000,58122.59000000,58122.59000000,58122.59000000,0.00002000,1725214379999,1.16245180,1,0E-8,0E-8
1725214380000,58188.30000000,58188.30000000,58188.30000000,58188.30000000,0.00009000,1725214439999,5.23694700,1,0.00009000,5.23694700
1725214440000,58155.80000000,58201.60000000,58155.80000000,58201.60000000,0.00148000,1725214499999,86.10997200,2,0.00086000,50.05337600
1725214500000,58207.68000000,58207.68000000,58207.68000000,58207.68000000,0.00013000,1725214559999,7.56699840,2,0.00013000,7.56699840
1725214560000,58207.68000000,58207.68000000,58207.68000000,58207.68000000,0E-8,1725214619999,0E-8,0,0E-8,0E-8
1725214620000,58226.55000000,58226.55000000,58226.55000000,58226.55000000,0.00172000,1725214679999,100.14966600,1,0.00172000,100.14966600
1725214680000,58226.55000000,58226.55000000,58226.55000000,58226.55000000,0E-8,1725214739999,0E-8,0,0E-8,0E-8
1725214740000,58226.55000000,58226.55000000,58226.55000000,58226.55000000,0E-8,1725214799999,0E-8,0,0E-8,0E-8
1725214800000,58230.75000000,58236.57000000,58230.75000000,58236.57000000,0.00108000,1725214859999,62.89473900,2,0E-8,0E-8
1725214860000,58251.17000000,58275.11000000,58251.17000000,58275.11000000,0.00155000,1725214919999,90.31703570,6,0.00094000,54.77348410
1725214920000,58305.99000000,58312.97000000,58295.76000000,58296.15000000,0.00149000,1725214979999,86.87513170,5,0.00093000,54.22946710
1725214980000,58340.00000000,58340.00000000,58296.02000000,58304.52000000,0.00065000,1725215039999,37.90321860,5,0.00017000,9.91780000
1725215040000,58337.95000000,58337.95000000,58337.95000000,58337.95000000,0.04285000,1725215099999,2499.78115750,1,0.04285000,2499.78115750
1725215100000,58299.94000000,58306.74000000,58299.94000000,58306.74000000,0.00929000,1725215159999,541.60712260,2,0E-8,0E-8
1725215160000,58340.00000000,58428.30000000,58322.18000000,58406.14000000,0.02752000,1725215219999,1606.56104320,28,0.01725000,1007.19008590
1725215220000,58443.09000000,58724.11000000,58426.37000000,58658.18000000,0.13815000,1725215279999,8093.30011470,72,0.09686000,5674.97825190
1725215280000,58623.83000000,58739.18000000,58541.36000000,58593.04000000,0.04422000,1725215339999,2594.80849670,16,0.02042000,1199.27067100
1725215340000,58516.47000000,58516.47000000,58516.47000000,58516.47000000,0.00285000,1725215399999,166.77193950,1,0E-8,0E-8
1725215400000,58542.42000000,58596.65000000,58542.42000000,58596.65000000,0.00007000,1725215459999,4.10068090,2,0.00007000,4.10068090
1725215460000,58572.68000000,58572.68000000,58496.02000000,58496.02000000,0.01725000,1725215519999,1009.06114610,4,0.00003000,1.75690410
1725215520000,58568.40000000,58599.66000000,58568.40000000,58599.66000000,0.00029000,1725215579999,16.99327620,2,0.00029000,16.99327620
1725215580000,58599.60000000,58599.60000000,58546.02000000,58546.02000000,0.02659000,1725215639999,1557.06658320,6,0.00169000,98.99625980
1725215640000,58508.53000000,58508.53000000,58508.53000000,58508.53000000,0.00133000,1725215699999,77.81634490,1,0.00133000,77.81634490
1725215700000,58501.02000000,58501.02000000,58443.09000000,58449.08000000,0.03889000,1725215759999,2272.97012410,10,0.00146000,85.33736050
1725215760000,58453.99000000,58454.01000000,58375.21000000,58434.98000000,0.00158000,1725215819999,92.25474870,5,0.00028000,16.36654730
1725215820000,58434.37000000,58434.37000000,58375.21000000,58375.21000000,0.00234000,1725215879999,136.68656830,3,0.00155000,90.57015240
1725215880000,58414.22000000,58414.22000000,58368.59000000,58393.27000000,0.00042000,1725215939999,24.52949800,4,0.00040000,23.36212620
1725215940000,58393.27000000,58393.27000000,58393.27000000,58393.27000000,0E-8,1725215999999,0E-8,0,0E-8,0E-8
1725216000000,58393.27000000,58393.27000000,58393.27000000,58393.27000000,0E-8,1725216059999,0E-8,0,0E-8,0E-8
1725216060000,58422.44000000,58473.77000000,58422.44000000,58470.97000000,0.00008000,1725216119999,4.67681900,3,0.00008000,4.67681900
1725216120000,58468.74000000,58468.74000000,58468.74000000,58468.74000000,0.00002000,1725216179999,1.16937480,1,0.00002000,1.16937480
1725216180000,58468.85000000,58484.47000000,58468.85000000,58484.47000000,0.00928000,1725216239999,542.73541300,2,0.00928000,542.73541300
1725216240000,58495.65000000,58495.65000000,58495.60000000,58495.60000000,0.00021000,1725216299999,12.28407700,2,0.00021000,12.28407700
1725216300000,58495.59000000,58495.59000000,58495.59000000,58495.59000000,0.00005000,1725216359999,2.92477950,1,0.00005000,2.92477950
1725216360000,58495.60000000,58495.60000000,58495.60000000,58495.60000000,0.00002000,1725216419999,1.16991200,1,0.00002000,1.16991200
1725216420000,58495.60000000,58495.60000000,58495.60000000,58495.60000000,0E-8,1725216479999,0E-8,0,0E-8,0E-8
1725216480000,58495.60000000,58550.05000000,58495.60000000,58550.05000000,0.04503000,1725216539999,2634.71226000,4,0.04498000,2631.78548800
1725216540000,58550.05000000,58550.05000000,58550.05000000,58550.05000000,0E-8,1725216599999,0E-8,0,0E-8,0E-8
1725216600000,58553.82000000,58553.82000000,58553.82000000,58553.82000000,0.00019000,1725216659999,11.12522580,2,0E-8,0E-8
1725216660000,58549.38000000,58549.38000000,58549.38000000,58549.38000000,0.00002000,1725216719999,1.17098760,1,0E-8,0E-8
1725216720000,58549.38000000,58549.38000000,58549.38000000,58549.38000000,0E-8,1725216779999,0E-8,0,0E-8,0E-8
1725216780000,58489.41000000,58489.41000000,58489.41000000,58489.41000000,0.00018000,1725216839999,10.52809380,1,0E-8,0E-8
1725216840000,58537.99000000,58537.99000000,58537.99000000,58537.99000000,0.00019000,1725216899999,11.12221810,1,0.00019000,11.12221810
1725216900000,58537.99000000,58537.99000000,58537.99000000,58537.99000000,0E-8,1725216959999,0E-8,0,0E-8,0E-8
1725216960000,58487.84000000,58487.84000000,58487.84000000,58487.84000000,0.00003000,1725217019999,1.75463520,1,0E-8,0E-8
1725217020000,58516.03000000,58568.10000000,58516.03000000,58568.10000000,0.00111000,1725217079999,65.00954960,2,0.00109000,63.83922900
1725217080000,58545.07000000,58545.07000000,58545.07000000,58545.07000000,0.00003000,1725217139999,1.75635210,1,0E-8,0E-8
1725217140000,58545.07000000,58545.07000000,58545.07000000,58545.07000000,0E-8,1725217199999,0E-8,0,0E-8,0E-8
1725217200000,58545.07000000,58545.07000000,58545.07000000,58545.07000000,0E-8,1725217259999,0E-8,0,0E-8,0E-8
1725217260000,58545.07000000,58545.07000000,58545.07000000,58545.07000000,0E-8,1725217319999,0E-8,0,0E-8,0E-8
1725217320000,58573.56000000,58573.56000000,58573.56000000,58573.56000000,0.00002000,1725217379999,1.17147120,1,0.00002000,1.17147120
1725217380000,58586.43000000,58634.00000000,58586.43000000,58631.23000000,0.00256000,1725217439999,150.04177900,8,0.00079000,46.31154910
1725217440000,58652.37000000,58691.99000000,58652.37000000,58691.99000000,0.00032000,1725217499999,18.76994700,2,0.00003000,1.76075970
1725217500000,58641.26000000,58641.26000000,58631.57000000,58636.98000000,0.00156000,1725217559999,91.46555120,3,0.00002000,1.17273960
1725217560000,58629.04000000,58725.46000000,58629.04000000,58725.46000000,0.00784000,1725217619999,459.93110950,11,0.00197000,115.68915620
1725217620000,58740.00000000,58771.19000000,58715.29000000,58771.19000000,0.00327000,1725217679999,192.08020000,8,0.00194000,113.98167910
1725217680000,58724.65000000,58724.65000000,58634.00000000,58634.00000000,0.00017000,1725217739999,9.97140710,3,0.00003000,1.76083410
1725217740000,58547.70000000,58547.70000000,58547.70000000,58547.70000000,0.00015000,1725217799999,8.78215500,1,0E-8,0E-8
1725217800000,58605.97000000,58622.59000000,58605.97000000,58622.59000000,0.00027000,1725217859999,15.82609350,3,0.00027000,15.82609350
1725217860000,58652.88000000,58652.88000000,58606.03000000,58606.03000000,0.00012000,1725217919999,7.03740800,3,0.00010000,5.86528740
1725217920000,58606.03000000,58606.03000000,58606.03000000,58606.03000000,0E-8,1725217979999,0E-8,0,0E-8,0E-8
1725217980000,58614.61000000,58614.61000000,58601.45000000,58601.45000000,0.00462000,1725218039999,270.75067460,2,0.00462000,270.75067460
1725218040000,58590.18000000,58590.18000000,58590.18000000,58590.18000000,0.00003000,1725218099999,1.75770540,1,0.00003000,1.75770540
1725218100000,58576.57000000,58576.57000000,58516.29000000,58516.29000000,0.00261000,1725218159999,152.73053090,2,0.00005000,2.92882850
1725218160000,58516.11000000,58575.45000000,58516.11000000,58575.45000000,0.00029000,1725218219999,16.97382570,3,0.00007000,4.10028150
1725218220000,58527.95000000,58575.19000000,58527.95000000,58575.19000000,0.00479000,1725218279999,280.36541450,2,0.00035000,20.50131650
1725218280000,58572.90000000,58572.90000000,58540.19000000,58540.19000000,0.00034000,1725218339999,19.91282340,2,0.00034000,19.91282340
1725218340000,58507.66000000,58507.66000000,58507.66000000,58507.66000000,0.00002000,1725218399999,1.17015320,1,0.00002000,1.17015320
1725218400000,58448.26000000,58472.57000000,58432.76000000,58432.76000000,0.00177000,1725218459999,103.46832430,5,0.00102000,59.63491930
1725218460000,58432.76000000,58432.76000000,58432.76000000,58432.76000000,0E-8,1725218519999,0E-8,0,0E-8,0E-8
1725218520000,58432.76000000,58432.76000000,58432.76000000,58432.76000000,0E-8,1725218579999,0E-8,0,0E-8,0E-8
1725218580000,58423.33000000,58423.33000000,58423.33000000,58423.33000000,0.00029000,1725218639999,16.94276570,1,0E-8,0E-8
1725218640000,58406.88000000,58406.88000000,58406.88000000,58406.88000000,0.00021000,1725218699999,12.26544480,1,0E-8,0E-8
1725218700000,58418.11000000,58422.11000000,58418.11000000,58422.11000000,0.00598000,1725218759999,349.36353780,2,0E-8,0E-8
1725218760000,58453.26000000,58453.26000000,58453.26000000,58453.26000000,0.00002000,1725218819999,1.16906520,1,0.00002000,1.16906520
1725218820000,58453.26000000,58453.26000000,58453.26000000,58453.26000000,0E-8,1725218879999,0E-8,0,0E-8,0E-8
1725218880000,58400.00000000,58400.00000000,58375.21000000,58375.21000000,0.00188000,1725218939999,109.78821410,3,0E-8,0E-8
1725218940000,58375.21000000,58375.21000000,58375.21000000,58375.21000000,0E-8,1725218999999,0E-8,0,0E-8,0E-8
1725219000000,58431.49000000,58431.49000000,58431.49000000,58431.49000000,0.00118000,1725219059999,68.94915820,1,0.00118000,68.94915820
1725219060000,58426.79000000,58426.79000000,58426.79000000,58426.79000000,0.00029000,1725219119999,16.94376910,1,0.00029000,16.94376910
1725219120000,58426.79000000,58426.79000000,58426.79000000,58426.79000000,0E-8,1725219179999,0E-8,0,0E-8,0E-8
1725219180000,58426.79000000,58426.79000000,58426.79000000,58426.79000000,0E-8,1725219239999,0E-8,0,0E-8,0E-8
1725219240000,58410.96000000,58410.96000000,58410.96000000,58410.96000000,0.00404000,1725219299999,235.98027840,1,0E-8,0E-8
1725219300000,58468.08000000,58468.08000000,58468.08000000,58468.08000000,0.00007000,1725219359999,4.09276560,1,0.00007000,4.09276560
1725219360000,58438.76000000,58438.76000000,58438.76000000,58438.76000000,0.00003000,1725219419999,1.75316280,1,0.00003000,1.75316280
1725219420000,58438.56000000,58438.77000000,58438.56000000,58438.77000000,0.00727000,1725219479999,424.84985370,2,0.00727000,424.84985370
1725219480000,58438.77000000,58438.77000000,58438.77000000,58438.77000000,0E-8,1725219539999,0E-8,0,0E-8,0E-8
1725219540000,58375.21000000,58413.06000000,58375.21000000,58395.47000000,0.00217000,1725219599999,126.68314050,5,0.00025000,14.60273730
1725219600000,58380.27000000,58380.27000000,58317.68000000,58317.68000000,0.00087000,1725219659999,50.74826110,4,0.00019000,11.09223870
1725219660000,58378.11000000,58378.11000000,58378.11000000,58378.11000000,0.00102000,1725219719999,59.54567220,1,0.00102000,59.54567220
1725219720000,58377.51000000,58377.51000000,58366.99000000,58366.99000000,0.00024000,1725219779999,14.00849840,2,0.00024000,14.00849840
1725219780000,58366.99000000,58366.99000000,58366.99000000,58366.99000000,0E-8,1725219839999,0E-8,0,0E-8,0E-8
1725219840000,58312.00000000,58312.00000000,58312.00000000,58312.00000000,0.00892000,1725219899999,520.14304000,1,0E-8,0E-8
1725219900000,58366.90000000,58366.90000000,58315.31000000,58315.31000000,0.01784000,1725219959999,1040.38330700,2,0.00074000,43.19150600
1725219960000,58367.00000000,58367.00000000,58367.00000000,58367.00000000,0.00003000,1725220019999,1.75101000,1,0.00003000,1.75101000
1725220020000,58366.99000000,58366.99000000,58363.38000000,58363.38000000,0.00024000,1725220079999,14.00728340,2,0.00024000,14.00728340
1725220080000,58367.02000000,58367.02000000,58367.02000000,58367.02000000,0.00003000,1725220139999,1.75101060,1,0.00003000,1.75101060
1725220140000,58367.02000000,58367.02000000,58367.02000000,58367.02000000,0E-8,1725220199999,0E-8,0,0E-8,0E-8
1725220200000,58389.73000000,58389.73000000,58389.71000000,58389.71000000,0.00024000,1725220259999,14.01353220,3,0.00024000,14.01353220
1725220260000,58389.73000000,58389.73000000,58389.73000000,58389.73000000,0.00005000,1725220319999,2.91948650,2,0.00005000,2.91948650
1725220320000,58426.50000000,58426.50000000,58426.50000000,58426.50000000,0.00038000,1725220379999,22.20207000,1,0.00038000,22.20207000
1725220380000,58426.50000000,58426.50000000,58426.50000000,58426.50000000,0E-8,1725220439999,0E-8,0,0E-8,0E-8
1725220440000,58470.93000000,58473.79000000,58470.93000000,58473.79000000,0.00066000,1725220499999,38.59135720,2,0.00066000,38.59135720
1725220500000,58473.79000000,58473.79000000,58473.79000000,58473.79000000,0.00002000,1725220559999,1.16947580,1,0.00002000,1.16947580
1725220560000,58473.38000000,58473.43000000,58473.38000000,58473.43000000,0.00325000,1725220619999,190.03860450,2,0.00325000,190.03860450
1725220620000,58473.79000000,58473.79000000,58473.79000000,58473.79000000,0.00067000,1725220679999,39.17743930,2,0.00067000,39.17743930
1725220680000,58506.28000000,58506.28000000,58506.22000000,58506.22000000,0.00124000,1725220739999,72.54771700,2,0.00124000,72.54771700
1725220740000,58506.39000000,58506.39000000,58506.39000000,58506.39000000,0.00012000,1725220799999,7.02076680,1,0.00012000,7.02076680
1725220800000,58512.71000000,58531.12000000,58496.41000000,58496.41000000,0.00215000,1725220859999,125.80545590,6,0.00110000,64.38386380
1725220860000,58544.49000000,58544.49000000,58544.49000000,58544.49000000,0.00003000,1725220919999,1.75633470,1,0E-8,0E-8
1725220920000,58544.50000000,58544.50000000,58544.50000000,58544.50000000,0.02873000,1725220979999,1681.98348500,2,0E-8,0E-8
1725220980000,58544.50000000,58544.50000000,58544.50000000,58544.50000000,0.01361000,1725221039999,796.79064500,1,0E-8,0E-8
1725221040000,58544.50000000,58544.50000000,58544.50000000,58544.50000000,0E-8,1725221099999,0E-8,0,0E-8,0E-8
1725221100000,58555.81000000,58555.81000000,58555.81000000,58555.81000000,0.00164000,1725221159999,96.03152840,1,0.00164000,96.03152840
1725221160000,58581.31000000,58581.31000000,58581.31000000,58581.31000000,0.00002000,1725221219999,1.17162620,1,0E-8,0E-8
1725221220000,58581.51000000,58581.51000000,58581.51000000,58581.51000000,0.00029000,1725221279999,16.98863790,1,0E-8,0E-8
1725221280000,58597.19000000,58597.19000000,58544.51000000,58544.51000000,0.00104000,1725221339999,60.93739000,2,0.00097000,56.83927430
1725221340000,58544.51000000,58544.51000000,58544.51000000,58544.51000000,0E-8,1725221399999,0E-8,0,0E-8,0E-8
1725221400000,58544.51000000,58544.51000000,58544.51000000,58544.51000000,0.00006000,1725221459999,3.51267060,1,0.00006000,3.51267060
1725221460000,58544.51000000,58570.45000000,58544.51000000,58570.45000000,0.02821000,1725221519999,1651.54114590,6,0.02821000,1651.54114590
1725221520000,58570.45000000,58570.45000000,58570.45000000,58570.45000000,0E-8,1725221579999,0E-8,0,0E-8,0E-8
1725221580000,58569.16000000,58569.16000000,58568.45000000,58568.45000000,0.00044000,1725221639999,25.77013220,2,0E-8,0E-8
1725221640000,58586.05000000,58586.05000000,58586.05000000,58586.05000000,0.00069000,1725221699999,40.42437450,2,0E-8,0E-8
1725221700000,58586.05000000,58586.05000000,58586.05000000,58586.05000000,0E-8,1725221759999,0E-8,0,0E-8,0E-8
1725221760000,58586.05000000,58586.05000000,58586.05000000,58586.05000000,0E-8,1725221819999,0E-8,0,0E-8,0E-8
1725221820000,58521.70000000,58521.70000000,58521.70000000,58521.70000000,0.00020000,1725221879999,11.70434000,1,0E-8,0E-8
1725221880000,58493.34000000,58493.34000000,58493.34000000,58493.34000000,0.00002000,1725221939999,1.16986680,1,0E-8,0E-8
1725221940000,58493.34000000,58493.34000000,58493.34000000,58493.34000000,0E-8,1725221999999,0E-8,0,0E-8,0E-8
1725222000000,58493.34000000,58493.34000000,58493.34000000,58493.34000000,0E-8,1725222059999,0E-8,0,0E-8,0E-8
1725222060000,58577.15000000,58634.00000000,58577.15000000,58633.95000000,0.03198000,1725222119999,1875.07334890,6,0.03066000,1797.70989410
1725222120000,58634.00000000,58634.00000000,58634.00000000,58634.00000000,0.00138000,1725222179999,80.91492000,3,0.00138000,80.91492000
1725222180000,58634.00000000,58634.00000000,58634.00000000,58634.00000000,0E-8,1725222239999,0E-8,0,0E-8,0E-8
1725222240000,58634.00000000,58634.00000000,58634.00000000,58634.00000000,0E-8,1725222299999,0E-8,0,0E-8,0E-8
1725222300000,58610.01000000,58610.01000000,58590.74000000,58590.74000000,0.00597000,1725222359999,349.78710320,2,0E-8,0E-8
1725222360000,58590.74000000,58590.74000000,58590.74000000,58590.74000000,0E-8,1725222419999,0E-8,0,0E-8,0E-8
1725222420000,58567.73000000,58567.73000000,58567.73000000,58567.73000000,0.00332000,1725222479999,194.44486360,1,0E-8,0E-8
1725222480000,58567.73000000,58567.73000000,58567.73000000,58567.73000000,0E-8,1725222539999,0E-8,0,0E-8,0E-8
1725222540000,58567.73000000,58567.73000000,58567.73000000,58567.73000000,0E-8,1725222599999,0E-8,0,0E-8,0E-8
1725222600000,58567.73000000,58567.73000000,58567.73000000,58567.73000000,0E-8,1725222659999,0E-8,0,0E-8,0E-8
1725222660000,58581.86000000,58581.86000000,58581.86000000,58581.86000000,0.00003000,1725222719999,1.75745580,1,0E-8,0E-8
1725222720000,58609.22000000,58609.22000000,58609.22000000,58609.22000000,0.02920000,1725222779999,1711.38922400,1,0.02920000,1711.38922400
1725222780000,58609.22000000,58609.22000000,58609.22000000,58609.22000000,0E-8,1725222839999,0E-8,0,0E-8,0E-8
1725222840000,58609.22000000,58609.22000000,58609.22000000,58609.22000000,0E-8,1725222899999,0E-8,0,0E-8,0E-8
1725222900000,58609.22000000,58609.22000000,58609.22000000,58609.22000000,0E-8,1725222959999,0E-8,0,0E-8,0E-8
1725222960000,58584.11000000,58584.11000000,58584.11000000,58584.11000000,0.00003000,1725223019999,1.75752330,1,0.00003000,1.75752330
1725223020000,58577.02000000,58577.02000000,58577.02000000,58577.02000000,0.00002000,1725223079999,1.17154040,1,0.00002000,1.17154040
1725223080000,58506.39000000,58506.39000000,58506.39000000,58506.39000000,0.00012000,1725223139999,7.02076680,1,0E-8,0E-8
1725223140000,58506.39000000,58506.39000000,58506.39000000,58506.39000000,0E-8,1725223199999,0E-8,0,0E-8,0E-8
1725223200000,58506.39000000,58506.39000000,58506.39000000,58506.39000000,0E-8,1725223259999,0E-8,0,0E-8,0E-8
1725223260000,58506.39000000,58506.39000000,58506.39000000,58506.39000000,0E-8,1725223319999,0E-8,0,0E-8,0E-8
1725223320000,58506.39000000,58506.39000000,58506.39000000,58506.39000000,0E-8,1725223379999,0E-8,0,0E-8,0E-8
1725223380000,58495.60000000,58495.60000000,58495.60000000,58495.60000000,0.00002000,1725223439999,1.16991200,1,0.00002000,1.16991200
1725223440000,58495.60000000,58495.60000000,58495.60000000,58495.60000000,0E-8,1725223499999,0E-8,0,0E-8,0E-8
1725223500000,58495.60000000,58495.60000000,58448.26000000,58448.26000000,0.00050000,1725223559999,29.22555020,2,0.00003000,1.75486800
1725223560000,58452.83000000,58459.81000000,58452.83000000,58459.81000000,0.00011000,1725223619999,6.43043950,2,0.00011000,6.43043950
1725223620000,58459.81000000,58459.81000000,58459.81000000,58459.81000000,0E-8,1725223679999,0E-8,0,0E-8,0E-8
1725223680000,58458.53000000,58458.53000000,58458.53000000,58458.53000000,0.00003000,1725223739999,1.75375590,1,0.00003000,1.75375590
1725223740000,58458.53000000,58458.53000000,58458.53000000,58458.53000000,0E-8,1725223799999,0E-8,0,0E-8,0E-8
1725223800000,58448.26000000,58448.26000000,58438.69000000,58438.69000000,0.00012000,1725223859999,7.01359980,2,0E-8,0E-8
1725223860000,58456.83000000,58456.83000000,58456.83000000,58456.83000000,0.00072000,1725223919999,42.08891760,1,0.00072000,42.08891760
1725223920000,58447.95000000,58447.95000000,58447.95000000,58447.95000000,0.00044000,1725223979999,25.71709800,1,0.00044000,25.71709800
1725223980000,58447.95000000,58447.95000000,58447.95000000,58447.95000000,0E-8,1725224039999,0E-8,0,0E-8,0E-8
1725224040000,58447.95000000,58447.95000000,58447.95000000,58447.95000000,0E-8,1725224099999,0E-8,0,0E-8,0E-8
1725224100000,58447.95000000,58447.95000000,58447.95000000,58447.95000000,0E-8,1725224159999,0E-8,0,0E-8,0E-8
1725224160000,58472.87000000,58472.87000000,58472.85000000,58472.85000000,0.00012000,1725224219999,7.01674260,2,0.00012000,7.01674260
1725224220000,58459.81000000,58470.12000000,58459.81000000,58470.12000000,0.00174000,1725224279999,101.72110040,3,0.00010000,5.84701200
1725224280000,58470.12000000,58470.12000000,58470.12000000,58470.12000000,0E-8,1725224339999,0E-8,0,0E-8,0E-8
1725224340000,58470.12000000,58470.12000000,58470.12000000,58470.12000000,0E-8,1725224399999,0E-8,0,0E-8,0E-8
1725224400000,58470.12000000,58470.12000000,58470.12000000,58470.12000000,0E-8,1725224459999,0E-8,0,0E-8,0E-8
1725224460000,58467.50000000,58467.50000000,58467.50000000,58467.50000000,0.00023000,1725224519999,13.44752500,1,0.00023000,13.44752500
1725224520000,58420.00000000,58420.00000000,58420.00000000,58420.00000000,0.00368000,1725224579999,214.98560000,1,0E-8,0E-8
1725224580000,58420.00000000,58420.00000000,58420.00000000,58420.00000000,0E-8,1725224639999,0E-8,0,0E-8,0E-8
1725224640000,58440.81000000,58441.52000000,58440.81000000,58441.52000000,0.00137000,1725224699999,80.06486820,2,0.00137000,80.06486820
1725224700000,58400.72000000,58400.72000000,58384.89000000,58396.44000000,0.00246000,1725224759999,143.65321510,4,0.00002000,1.16792880
1725224760000,58396.44000000,58396.44000000,58396.44000000,58396.44000000,0E-8,1725224819999,0E-8,0,0E-8,0E-8
1725224820000,58435.25000000,58435.25000000,58435.25000000,58435.25000000,0.00087000,1725224879999,50.83866750,1,0.00087000,50.83866750
1725224880000,58435.32000000,58435.33000000,58394.48000000,58394.48000000,0.00894000,1725224939999,522.41103120,3,0.00892000,521.24314160
1725224940000,58394.48000000,58394.48000000,58394.48000000,58394.48000000,0E-8,1725224999999,0E-8,0,0E-8,0E-8
1725225000000,58423.28000000,58423.28000000,58423.28000000,58423.28000000,0.00171000,1725225059999,99.90380880,1,0.00171000,99.90380880
1725225060000,58402.55000000,58402.55000000,58402.14000000,58402.14000000,0.00869000,1725225119999,507.51464580,2,0.00869000,507.51464580
1725225120000,58389.32000000,58389.32000000,58388.51000000,58388.51000000,0.01755000,1725225179999,1024.71837480,2,0.01755000,1024.71837480
1725225180000,58387.82000000,58387.82000000,58387.82000000,58387.82000000,0.00034000,1725225239999,19.85185880,1,0.00034000,19.85185880
1725225240000,58379.79000000,58379.79000000,58310.47000000,58345.09000000,0.00230000,1725225299999,134.26176430,12,0.00219000,127.84761260
1725225300000,58310.47000000,58377.61000000,58310.47000000,58377.61000000,0.00023000,1725225359999,13.41812210,3,0.00010000,5.83776100
1725225360000,58377.55000000,58377.55000000,58377.55000000,58377.55000000,0.00030000,1725225419999,17.51326500,2,0.00030000,17.51326500
1725225420000,58377.55000000,58377.55000000,58377.55000000,58377.55000000,0E-8,1725225479999,0E-8,0,0E-8,0E-8
1725225480000,58325.06000000,58334.92000000,58300.00000000,58334.92000000,0.00226000,1725225539999,131.76369350,5,0.00003000,1.75004760
1725225540000,58273.41000000,58317.97000000,58273.41000000,58317.97000000,0.00064000,1725225599999,37.29810160,2,0.00007000,4.08225790
1725225600000,58260.44000000,58265.23000000,58255.01000000,58265.23000000,0.00681000,1725225659999,396.78546580,4,0.00671000,390.95969330
1725225660000,58253.01000000,58261.46000000,58200.00000000,58261.46000000,0.00653000,1725225719999,380.33444050,9,0.00010000,5.82614600
1725225720000,58200.00000000,58238.27000000,58159.64000000,58215.35000000,0.00773000,1725225779999,449.89483160,11,0.00420000,244.52353900
1725225780000,58230.14000000,58230.84000000,58230.14000000,58230.84000000,0.00085000,1725225839999,49.49620000,2,0.00085000,49.49620000
1725225840000,58228.47000000,58228.47000000,58228.47000000,58228.47000000,0.00002000,1725225899999,1.16456940,1,0E-8,0E-8
1725225900000,58228.47000000,58228.47000000,58228.47000000,58228.47000000,0E-8,1725225959999,0E-8,0,0E-8,0E-8
1725225960000,58216.61000000,58216.61000000,58216.03000000,58216.03000000,0.00463000,1725226019999,269.54268910,3,0.00463000,269.54268910
1725226020000,58216.03000000,58216.03000000,58167.48000000,58214.17000000,0.00193000,1725226079999,112.35299810,3,0.00185000,107.69959970
1725226080000,58214.17000000,58214.17000000,58171.72000000,58171.72000000,0.00084000,1725226139999,48.86721630,2,0.00007000,4.07499190
1725226140000,58214.16000000,58216.05000000,58214.16000000,58216.05000000,0.00098000,1725226199999,57.05086010,4,0.00098000,57.05086010
1725226200000,58177.60000000,58208.29000000,58123.56000000,58123.56000000,0.00317000,1725226259999,184.41412170,8,0.00185000,107.65734230
1725226260000,58166.31000000,58166.31000000,58165.36000000,58165.36000000,0.00138000,1725226319999,80.26821580,2,0.00138000,80.26821580
1725226320000,58164.38000000,58164.38000000,58164.38000000,58164.38000000,0.00132000,1725226379999,76.77698160,1,0.00132000,76.77698160
1725226380000,58188.12000000,58197.53000000,58188.12000000,58197.53000000,0.00114000,1725226439999,66.34221840,3,0.00034000,19.78419440
1725226440000,58197.53000000,58197.53000000,58197.53000000,58197.53000000,0E-8,1725226499999,0E-8,0,0E-8,0E-8
1725226500000,58197.53000000,58197.53000000,58197.53000000,58197.53000000,0E-8,1725226559999,0E-8,0,0E-8,0E-8
1725226560000,58197.53000000,58197.53000000,58197.53000000,58197.53000000,0E-8,1725226619999,0E-8,0,0E-8,0E-8
1725226620000,58248.27000000,58248.27000000,58247.79000000,58247.79000000,0.00010000,1725226679999,5.82478860,2,0.00010000,5.82478860
1725226680000,58247.79000000,58247.79000000,58247.79000000,58247.79000000,0E-8,1725226739999,0E-8,0,0E-8,0E-8
1725226740000,58250.45000000,58250.45000000,58250.45000000,58250.45000000,0.00741000,1725226799999,431.63583450,1,0.00741000,431.63583450
1725226800000,58250.45000000,58250.45000000,58198.26000000,58198.26000000,0.00341000,1725226859999,198.55058950,4,0.00181000,105.43331450
1725226860000,58198.26000000,58198.26000000,58198.26000000,58198.26000000,0E-8,1725226919999,0E-8,0,0E-8,0E-8
1725226920000,58198.26000000,58198.26000000,58198.26000000,58198.26000000,0E-8,1725226979999,0E-8,0,0E-8,0E-8
1725226980000,58203.80000000,58203.80000000,58203.80000000,58203.80000000,0.00231000,1725227039999,134.45077800,1,0E-8,0E-8
1725227040000,58203.80000000,58203.80000000,58203.80000000,58203.80000000,0E-8,1725227099999,0E-8,0,0E-8,0E-8
1725227100000,58267.79000000,58267.79000000,58250.45000000,58250.45000000,0.00265000,1725227159999,154.38120590,4,0.00101000,58.85046790
1725227160000,58264.00000000,58264.00000000,58264.00000000,58264.00000000,0.00002000,1725227219999,1.16528000,1,0.00002000,1.16528000
1725227220000,58264.00000000,58264.00000000,58264.00000000,58264.00000000,0E-8,1725227279999,0E-8,0,0E-8,0E-8
1725227280000,58214.20000000,58214.20000000,58214.20000000,58214.20000000,0.00124000,1725227339999,72.18560800,1,0E-8,0E-8
1725227340000,58214.20000000,58214.20000000,58214.20000000,58214.20000000,0E-8,1725227399999,0E-8,0,0E-8,0E-8
1725227400000,58238.16000000,58263.91000000,58238.16000000,58263.91000000,0.00079000,1725227459999,46.02797390,3,0.00079000,46.02797390
1725227460000,58283.81000000,58283.81000000,58283.81000000,58283.81000000,0.00096000,1725227519999,55.95245760,1,0.00096000,55.95245760
1725227520000,58283.81000000,58283.81000000,58283.81000000,58283.81000000,0E-8,1725227579999,0E-8,0,0E-8,0E-8
1725227580000,58283.81000000,58283.81000000,58283.81000000,58283.81000000,0E-8,1725227639999,0E-8,0,0E-8,0E-8
1725227640000,58281.58000000,58281.58000000,58280.87000000,58280.87000000,0.02380000,1725227699999,1387.08472020,2,0E-8,0E-8
1725227700000,58280.87000000,58280.87000000,58280.87000000,58280.87000000,0.00004000,1725227759999,2.33123480,1,0E-8,0E-8
1725227760000,58314.79000000,58314.79000000,58314.79000000,58314.79000000,0.00057000,1725227819999,33.23943030,1,0E-8,0E-8
1725227820000,58314.79000000,58314.79000000,58314.79000000,58314.79000000,0.00106000,1725227879999,61.81367740,2,0E-8,0E-8
1725227880000,58332.80000000,58332.80000000,58332.80000000,58332.80000000,0.00130000,1725227939999,75.83264000,1,0E-8,0E-8
1725227940000,58365.33000000,58365.33000000,58365.33000000,58365.33000000,0.00094000,1725227999999,54.86341020,9,0.00094000,54.86341020
1725228000000,58365.33000000,58378.78000000,58365.33000000,58378.78000000,0.00035000,1725228059999,20.43148290,5,0.00032000,18.68011980
1725228060000,58340.83000000,58340.83000000,58294.96000000,58294.96000000,0.00164000,1725228119999,95.62895850,5,0E-8,0E-8
1725228120000,58294.96000000,58294.96000000,58294.96000000,58294.96000000,0E-8,1725228179999,0E-8,0,0E-8,0E-8
1725228180000,58296.99000000,58296.99000000,58198.65000000,58198.65000000,0.00302000,1725228239999,175.80220920,2,0.00043000,25.06770570
1725228240000,58151.69000000,58151.69000000,58151.69000000,58151.69000000,0.00045000,1725228299999,26.16826050,1,0E-8,0E-8
1725228300000,58196.23000000,58196.23000000,58196.23000000,58196.23000000,0.00006000,1725228359999,3.49177380,1,0.00006000,3.49177380
1725228360000,58184.50000000,58184.50000000,58184.50000000,58184.50000000,0.00002000,1725228419999,1.16369000,1,0.00002000,1.16369000
1725228420000,58184.50000000,58184.50000000,58184.50000000,58184.50000000,0E-8,1725228479999,0E-8,0,0E-8,0E-8
1725228480000,58258.92000000,58258.92000000,58258.88000000,58258.88000000,0.00012000,1725228539999,6.99106920,3,0.00012000,6.99106920
1725228540000,58258.88000000,58258.88000000,58258.88000000,58258.88000000,0E-8,1725228599999,0E-8,0,0E-8,0E-8
1725228600000,58258.88000000,58258.88000000,58258.88000000,58258.88000000,0E-8,1725228659999,0E-8,0,0E-8,0E-8
1725228660000,58157.48000000,58157.48000000,58157.48000000,58157.48000000,0.00047000,1725228719999,27.33401560,1,0E-8,0E-8
1725228720000,58130.43000000,58130.43000000,58130.43000000,58130.43000000,0.00426000,1725228779999,247.63563180,1,0E-8,0E-8
1725228780000,58123.56000000,58137.17000000,58066.17000000,58067.31000000,0.00846000,1725228839999,491.67342920,14,0.00455000,264.49797790
1725228840000,58126.80000000,58126.80000000,58126.70000000,58126.70000000,0.00071000,1725228899999,41.26998200,2,0.00071000,41.26998200
1725228900000,58066.17000000,58119.27000000,58050.61000000,58081.15000000,0.00957000,1725228959999,555.99919730,10,0.00842000,489.23663900
1725228960000,58027.04000000,58064.69000000,58000.00000000,58000.00000000,0.02202000,1725229019999,1277.92119300,9,0.00510000,296.12991300
1725229020000,58000.00000000,58030.38000000,58000.00000000,58000.00000000,0.93945000,1725229079999,54488.24584170,22,0.00614000,356.26584170
1725229080000,58000.00000000,58000.00000000,58000.00000000,58000.00000000,0.03898000,1725229139999,2260.84000000,3,0E-8,0E-8
1725229140000,58000.00000000,58000.00000000,58000.00000000,58000.00000000,0.00462000,1725229199999,267.96000000,5,0E-8,0E-8
1725229200000,58000.00000000,58000.00000000,57868.34000000,57965.97000000,0.19162000,1725229259999,11111.89616930,26,0.00451000,261.42652470
1725229260000,57930.40000000,57930.40000000,57841.95000000,57897.08000000,0.00839000,1725229319999,485.60274560,12,0.00272000,157.53557640
1725229320000,57841.95000000,57877.81000000,57784.52000000,57834.90000000,0.02833000,1725229379999,1638.95465090,23,0.02372000,1372.43031610
1725229380000,57829.97000000,57829.97000000,57829.83000000,57829.83000000,0.00186000,1725229439999,107.56373160,2,0.00186000,107.56373160
1725229440000,57845.86000000,57845.86000000,57750.40000000,57786.80000000,0.02245000,1725229499999,1297.38696350,16,0.01120000,647.65025770
1725229500000,57774.72000000,57774.72000000,57709.35000000,57718.00000000,0.07066000,1725229559999,4078.61980690,22,0.01318000,760.81700000
1725229560000,57709.35000000,57709.35000000,57620.59000000,57620.59000000,0.03663000,1725229619999,2112.28304730,32,0.00810000,466.95559520
1725229620000,57614.98000000,57614.98000000,57528.43000000,57528.43000000,0.10060000,1725229679999,5789.75519160,26,0.01801000,1036.92985110
1725229680000,57600.96000000,57600.96000000,57518.00000000,57518.00000000,0.01789000,1725229739999,1029.01065210,6,0.00014000,8.06413440
1725229740000,57518.36000000,57610.29000000,57518.36000000,57610.29000000,0.00052000,1725229799999,29.92609460,2,0.00018000,10.36985220
1725229800000,57557.83000000,57557.83000000,57557.74000000,57557.74000000,0.00010000,1725229859999,5.75577760,2,0.00010000,5.75577760
1725229860000,57586.27000000,57586.27000000,57586.27000000,57586.27000000,0.00033000,1725229919999,19.00346910,2,0.00033000,19.00346910
1725229920000,57532.45000000,57532.45000000,57461.18000000,57514.48000000,0.03231000,1725229979999,1857.79444340,22,0.01415000,813.64376220
1725229980000,57501.58000000,57563.31000000,57470.26000000,57563.31000000,0.00552000,1725230039999,317.25906930,7,0.00550000,316.10903770
1725230040000,57501.04000000,57545.29000000,57501.02000000,57537.59000000,0.00267000,1725230099999,153.56263360,7,0.00265000,152.41178020
1725230100000,57461.18000000,57476.44000000,57407.00000000,57436.78000000,0.02590000,1725230159999,1487.28049430,26,0.00680000,390.71050730
1725230160000,57489.05000000,57489.05000000,57489.05000000,57489.05000000,0.00016000,1725230219999,9.19824800,1,0.00016000,9.19824800
1725230220000,57407.00000000,57407.00000000,57398.87000000,57398.87000000,0.01106000,1725230279999,634.84305610,6,0E-8,0E-8
1725230280000,57422.90000000,57422.90000000,57395.43000000,57412.43000000,0.00555000,1725230339999,318.63499610,7,0.00461000,264.68250670
1725230340000,57383.49000000,57507.37000000,57383.49000000,57507.37000000,0.00015000,1725230399999,8.61783360,5,0.00012000,6.89632890
1725230400000,57434.41000000,57434.41000000,57434.40000000,57434.40000000,0.00620000,1725230459999,356.09330910,2,0E-8,0E-8
1725230460000,57421.32000000,57524.62000000,57394.76000000,57524.62000000,0.00134000,1725230519999,76.99262000,3,0.00064000,36.81575680
1725230520000,57416.50000000,57523.85000000,57416.50000000,57523.79000000,0.08668000,1725230579999,4985.81879460,4,0.08348000,4802.08599460
1725230580000,57397.61000000,57502.39000000,57397.61000000,57502.39000000,0.01024000,1725230639999,587.97697890,4,0.00007000,4.02516730
1725230640000,57427.70000000,57501.69000000,57427.70000000,57501.69000000,0.00955000,1725230699999,549.13882480,5,0.00952000,547.41599380
1725230700000,57579.24000000,57615.19000000,57523.06000000,57615.19000000,0.01246000,1725230759999,717.85305220,5,0.01236000,712.10074620
1725230760000,57591.66000000,57591.66000000,57591.66000000,57591.66000000,0.00146000,1725230819999,84.08382360,2,0E-8,0E-8
1725230820000,57635.91000000,57638.73000000,57635.91000000,57638.73000000,0.00076000,1725230879999,43.80537840,2,0E-8,0E-8
1725230880000,57660.03000000,57740.72000000,57660.03000000,57682.74000000,0.02747000,1725230939999,1585.91747470,7,0.02425000,1400.21235750
1725230940000,57682.73000000,57682.73000000,57682.73000000,57682.73000000,0.00013000,1725230999999,7.49875490,1,0E-8,0E-8
1725231000000,57682.76000000,57740.89000000,57682.76000000,57740.89000000,0.00045000,1725231059999,25.98221710,3,0.00043000,24.82856190
1725231060000,57740.89000000,57740.89000000,57740.89000000,57740.89000000,0E-8,1725231119999,0E-8,0,0E-8,0E-8
1725231120000,57740.89000000,57740.89000000,57740.89000000,57740.89000000,0E-8,1725231179999,0E-8,0,0E-8,0E-8
1725231180000,57682.76000000,57682.76000000,57682.76000000,57682.76000000,0.00015000,1725231239999,8.65241400,3,0E-8,0E-8
1725231240000,57650.00000000,57650.00000000,57650.00000000,57650.00000000,0.00014000,1725231299999,8.07100000,1,0E-8,0E-8
1725231300000,57650.00000000,57650.00000000,57613.12000000,57613.12000000,0.00738000,1725231359999,425.45257440,6,0E-8,0E-8
1725231360000,57613.12000000,57613.12000000,57594.70000000,57594.70000000,0.00180000,1725231419999,103.67986620,5,0E-8,0E-8
1725231420000,57594.70000000,57594.70000000,57594.70000000,57594.70000000,0.04282000,1725231479999,2466.20505400,6,0E-8,0E-8
1725231480000,57594.70000000,57594.70000000,57400.01000000,57400.01000000,0.02945000,1725231539999,1694.51922320,13,0E-8,0E-8
1725231540000,57400.01000000,57466.11000000,57319.91000000,57319.91000000,0.06506000,1725231599999,3731.28918550,48,0.00341000,195.81745500
1725231600000,57319.91000000,57491.40000000,57300.00000000,57353.74000000,0.26432000,1725231659999,15146.60733340,32,0.00460000,264.20763090
1725231660000,57348.57000000,57395.15000000,57348.57000000,57395.15000000,0.00265000,1725231719999,152.08876310,2,0E-8,0E-8
1725231720000,57395.15000000,57395.15000000,57395.15000000,57395.15000000,0E-8,1725231779999,0E-8,0,0E-8,0E-8
1725231780000,57300.04000000,57349.39000000,57300.04000000,57349.39000000,0.00302000,1725231839999,173.15420360,3,0E-8,0E-8
1725231840000,57403.88000000,57444.89000000,57350.80000000,57444.89000000,0.01040000,1725231899999,597.09233390,4,0.01024000,587.91620590
1725231900000,57444.89000000,57444.89000000,57444.89000000,57444.89000000,0E-8,1725231959999,0E-8,0,0E-8,0E-8
1725231960000,57522.89000000,57532.39000000,57522.89000000,57532.39000000,0.00009000,1725232019999,5.17734510,2,0.00009000,5.17734510
1725232020000,57526.47000000,57526.47000000,57526.47000000,57526.47000000,0.00002000,1725232079999,1.15052940,1,0E-8,0E-8
1725232080000,57473.21000000,57492.83000000,57409.11000000,57492.83000000,0.02287000,1725232139999,1314.12006920,9,0.02257000,1296.89733620
1725232140000,57492.83000000,57492.83000000,57492.83000000,57492.83000000,0E-8,1725232199999,0E-8,0,0E-8,0E-8
1725232200000,57544.69000000,57544.69000000,57394.60000000,57394.60000000,0.00155000,1725232259999,88.97063540,2,0.00006000,3.45268140
1725232260000,57429.20000000,57429.20000000,57429.20000000,57429.20000000,0.00004000,1725232319999,2.29716800,1,0.00004000,2.29716800
1725232320000,57372.54000000,57372.54000000,57372.54000000,57372.54000000,0.00278000,1725232379999,159.49566120,1,0E-8,0E-8
1725232380000,57441.27000000,57441.27000000,57259.81000000,57355.09000000,0.08163000,1725232439999,4676.69023690,41,0.00470000,269.55937920
1725232440000,57259.80000000,57316.29000000,57250.00000000,57316.29000000,0.03757000,1725232499999,2151.14600110,25,0.00403000,230.96602710
1725232500000,57286.18000000,57286.18000000,57286.18000000,57286.18000000,0.00049000,1725232559999,28.07022820,1,0E-8,0E-8
1725232560000,57356.17000000,57356.17000000,57286.86000000,57286.93000000,0.00440000,1725232619999,252.07175460,6,0.00015000,8.60231750
1725232620000,57345.02000000,57361.87000000,57250.00000000,57250.00000000,0.04366000,1725232679999,2500.58767330,29,0.01091000,625.64845350
1725232680000,57319.92000000,57319.95000000,57307.99000000,57319.95000000,0.00488000,1725232739999,279.71238320,4,0.00488000,279.71238320
1725232740000,57319.95000000,57319.95000000,57319.95000000,57319.95000000,0E-8,1725232799999,0E-8,0,0E-8,0E-8
1725232800000,57439.20000000,57447.10000000,57439.20000000,57447.10000000,0.00092000,1725232859999,52.85062100,4,0.00092000,52.85062100
1725232860000,57423.70000000,57423.70000000,57423.68000000,57423.68000000,0.00011000,1725232919999,6.31660640,2,0.00011000,6.31660640
1725232920000,57404.49000000,57404.49000000,57404.49000000,57404.49000000,0.00003000,1725232979999,1.72213470,1,0.00003000,1.72213470
1725232980000,57431.90000000,57431.90000000,57408.07000000,57408.07000000,0.00023000,1725233039999,13.20862210,2,0.00023000,13.20862210
1725233040000,57408.07000000,57408.07000000,57408.07000000,57408.07000000,0E-8,1725233099999,0E-8,0,0E-8,0E-8
1725233100000,57443.10000000,57443.10000000,57426.00000000,57439.59000000,0.00274000,1725233159999,157.38025800,5,0.00274000,157.38025800
1725233160000,57420.89000000,57420.89000000,57420.89000000,57420.89000000,0.00003000,1725233219999,1.72262670,1,0.00003000,1.72262670
1725233220000,57420.89000000,57420.89000000,57420.89000000,57420.89000000,0E-8,1725233279999,0E-8,0,0E-8,0E-8
1725233280000,57420.89000000,57420.89000000,57420.89000000,57420.89000000,0E-8,1725233339999,0E-8,0,0E-8,0E-8
1725233340000,57420.89000000,57420.89000000,57420.89000000,57420.89000000,0E-8,1725233399999,0E-8,0,0E-8,0E-8
1725233400000,57401.64000000,57401.64000000,57401.64000000,57401.64000000,0.00011000,1725233459999,6.31418040,1,0E-8,0E-8
1725233460000,57444.70000000,57492.89000000,57444.70000000,57492.89000000,0.00014000,1725233519999,8.04370370,2,0.00003000,1.72478670
1725233520000,57455.60000000,57455.60000000,57455.60000000,57455.60000000,0.00277000,1725233579999,159.15201200,1,0E-8,0E-8
1725233580000,57493.87000000,57493.87000000,57480.19000000,57480.19000000,0.00009000,1725233639999,5.17349070,2,0.00009000,5.17349070
1725233640000,57402.12000000,57464.59000000,57402.12000000,57464.59000000,0.00754000,1725233699999,433.22553620,2,0.00662000,380.41558580
1725233700000,57464.59000000,57464.59000000,57464.59000000,57464.59000000,0E-8,1725233759999,0E-8,0,0E-8,0E-8
1725233760000,57464.59000000,57464.59000000,57464.59000000,57464.59000000,0E-8,1725233819999,0E-8,0,0E-8,0E-8
1725233820000,57504.95000000,57504.95000000,57504.95000000,57504.95000000,0.00092000,1725233879999,52.90455400,1,0E-8,0E-8
1725233880000,57504.95000000,57504.95000000,57504.95000000,57504.95000000,0E-8,1725233939999,0E-8,0,0E-8,0E-8
1725233940000,57507.57000000,57507.57000000,57369.48000000,57369.48000000,0.01071000,1725233999999,614.51179870,11,0.00028000,16.09560470
1725234000000,57398.91000000,57481.45000000,57398.91000000,57481.45000000,0.00199000,1725234059999,114.22548170,2,0.00002000,1.14962900
1725234060000,57452.57000000,57452.57000000,57406.31000000,57406.31000000,0.01062000,1725234119999,609.65593740,2,0E-8,0E-8
1725234120000,57369.48000000,57369.48000000,57313.40000000,57313.40000000,0.04796000,1725234179999,2750.66443920,3,0E-8,0E-8
1725234180000,57396.19000000,57396.19000000,57396.19000000,57396.19000000,0.00004000,1725234239999,2.29584760,2,0.00004000,2.29584760
1725234240000,57362.31000000,57362.31000000,57362.31000000,57362.31000000,0.00471000,1725234299999,270.17648010,1,0E-8,0E-8
1725234300000,57438.77000000,57438.77000000,57438.77000000,57438.77000000,0.00010000,1725234359999,5.74387700,1,0.00010000,5.74387700
1725234360000,57488.59000000,57500.00000000,57488.59000000,57500.00000000,0.00018000,1725234419999,10.34954360,2,0.00018000,10.34954360
1725234420000,57499.99000000,57499.99000000,57499.99000000,57499.99000000,0.00434000,1725234479999,249.54995660,1,0.00434000,249.54995660
1725234480000,57499.82000000,57499.82000000,57480.54000000,57480.54000000,0.00107000,1725234539999,61.52431740,3,0.00105000,60.37470660
1725234540000,57480.54000000,57480.54000000,57480.54000000,57480.54000000,0E-8,1725234599999,0E-8,0,0E-8,0E-8
1725234600000,57362.31000000,57362.31000000,57362.31000000,57362.31000000,0.00615000,1725234659999,352.77820650,6,0.00506000,290.25328860
1725234660000,57326.07000000,57362.31000000,57326.07000000,57362.31000000,0.00138000,1725234719999,79.11106380,2,0.00003000,1.72086930
1725234720000,57362.31000000,57362.31000000,57362.31000000,57362.31000000,0.00004000,1725234779999,2.29449240,2,0.00004000,2.29449240
1725234780000,57362.31000000,57362.31000000,57362.31000000,57362.31000000,0.00026000,1725234839999,14.91420060,2,0.00026000,14.91420060
1725234840000,57362.31000000,57362.31000000,57362.31000000,57362.31000000,0E-8,1725234899999,0E-8,0,0E-8,0E-8
1725234900000,57362.30000000,57362.30000000,57331.60000000,57331.60000000,0.00343000,1725234959999,196.68177200,4,0.00343000,196.68177200
1725234960000,57329.90000000,57340.50000000,57329.90000000,57340.50000000,0.00108000,1725235019999,61.92736780,3,0.00108000,61.92736780
1725235020000,57340.50000000,57340.50000000,57340.50000000,57340.50000000,0E-8,1725235079999,0E-8,0,0E-8,0E-8
1725235080000,57362.31000000,57362.31000000,57362.31000000,57362.31000000,0.00070000,1725235139999,40.15361700,2,0.00070000,40.15361700
1725235140000,57362.31000000,57362.31000000,57362.31000000,57362.31000000,0E-8,1725235199999,0E-8,0,0E-8,0E-8
